ID,xmin,ymin,xmax,ymax
A1,30.107707817998214,51.53119562948718,31.107707817998214,52.53119562948718
A2,55.786858360767255,2.7293857137508892,56.786858360767255,3.7293857137508892
A3,26.28900616042644,32.25933378160422,27.28900616042644,33.25933378160422
A4,33.15706159114932,36.752693575681896,34.15706159114932,37.752693575681896
A5,83.57511060331589,47.90879150820574,84.57511060331589,48.90879150820574
A6,56.26128965890017,12.982627619646369,57.26128965890017,13.982627619646369
A7,47.394647871385686,80.31898652188671,48.394647871385686,81.31898652188671
A8,37.30189599591326,63.006436501676596,38.30189599591326,64.0064365016766
A9,36.01709075776613,14.531401302300807,37.01709075776613,15.531401302300807
A10,40.26084557791331,53.05549339006051,41.26084557791331,54.05549339006051
A11,4.557451385301318,40.82129177684756,5.557451385301318,41.82129177684756
A12,83.92409115224643,27.014289387317227,84.92409115224643,28.014289387317227
A13,41.406695383733584,9.61421741712394,42.406695383733584,10.61421741712394
A14,5.570729970019869,24.105143881661295,6.570729970019869,25.105143881661295
A15,51.79945078827217,81.60720731605545,52.79945078827217,82.60720731605545
A16,2.2234451610813233,66.93494113581022,3.2234451610813233,67.93494113581022
A17,7.3031276343233,80.5063030940834,8.3031276343233,81.5063030940834
A18,18.325268696710346,65.5622045973182,19.325268696710346,66.5622045973182
A19,4.986847734633317,87.45973033427,5.986847734633317,88.45973033427
A20,50.55469626194502,81.65787621377311,51.55469626194502,82.65787621377311
A21,84.83319847586199,85.7272906949266,85.83319847586199,86.7272906949266
A22,73.92340097002531,49.438886538998865,74.92340097002531,50.438886538998865
A23,50.70526430714991,1.810014372450616,51.70526430714991,2.810014372450616
A24,40.07944457981049,36.11552687139367,41.07944457981049,37.11552687139367
A25,84.50740140909733,25.030071140615103,85.50740140909733,26.030071140615103
A26,60.5656573783426,32.70975141924141,61.5656573783426,33.70975141924141
A27,85.02244224415512,16.001888601540696,86.02244224415512,17.001888601540696
A28,73.55989105946519,76.26033927966922,74.55989105946519,77.26033927966922
A29,77.12717131876019,39.30132773425703,78.12717131876019,40.30132773425703
A30,54.13938616726469,39.013204153998615,55.13938616726469,40.013204153998615
A31,11.68065917458961,13.248549284981943,12.68065917458961,14.248549284981943
A32,21.357235390343416,53.54787440348489,22.357235390343416,54.54787440348489
A33,85.07136897279644,67.17439993062953,86.07136897279644,68.17439993062953
A34,51.693751016715595,83.8487565351598,52.693751016715595,84.8487565351598
A35,41.34599363637152,13.366072042417226,42.34599363637152,14.366072042417226
A36,93.38059116490929,90.12776381096712,94.38059116490929,91.12776381096712
A37,3.850368467312651,63.868134824697506,4.85036846731265,64.8681348246975
A38,70.1155963333596,90.41963960264208,71.1155963333596,91.41963960264208
A39,85.00423674440982,67.21596159747381,86.00423674440982,68.21596159747381
A40,40.49348012563345,55.36379437801255,41.49348012563345,56.36379437801255
A41,59.30227518325545,9.07165070995994,60.30227518325545,10.07165070995994
A42,70.2356516897054,83.00520700009254,71.2356516897054,84.00520700009254
A43,30.75924712465224,64.92637076588284,31.75924712465224,65.92637076588284
A44,39.53143784071884,51.80713174308196,40.53143784071884,52.80713174308196
A45,94.57469869809178,54.83419985513101,95.57469869809178,55.83419985513101
A46,19.392302366353693,75.6799379851802,20.392302366353693,76.6799379851802
A47,49.94612166148556,69.55357320598583,50.94612166148556,70.55357320598583
A48,53.168627873051776,8.51812339713023,54.168627873051776,9.51812339713023
A49,49.78165642143815,30.868956592551424,50.78165642143815,31.868956592551424
A50,30.654052410031163,81.65931745843925,31.654052410031163,82.65931745843925
A51,73.84319726238,37.05038247466932,74.84319726238,38.05038247466932
A52,46.1477174943628,22.805956876305086,47.1477174943628,23.805956876305086
A53,28.623329716312682,88.46364616440093,29.623329716312682,89.46364616440093
A54,90.02409787674462,23.72960153549282,91.02409787674462,24.72960153549282
A55,94.62287732035253,25.044607393765805,95.62287732035253,26.044607393765805
A56,34.73446148342607,33.58425522167053,35.73446148342607,34.58425522167053
A57,75.57060565867724,68.29142198380792,76.57060565867724,69.29142198380792
A58,6.623276807070502,75.43618892513787,7.623276807070502,76.43618892513787
A59,37.97661430892633,95.92725036953513,38.97661430892633,96.92725036953513
A60,79.1951357807675,47.29620882464136,80.1951357807675,48.29620882464136
A61,31.19683305936633,54.471922456150246,32.19683305936633,55.471922456150246
A62,42.144506563600665,36.63464381434551,43.144506563600665,37.63464381434551
A63,44.598402697996946,32.0376815256999,45.598402697996946,33.0376815256999
A64,92.84579584511268,57.53765297514312,93.84579584511268,58.53765297514312
A65,41.39670164142436,26.290971071457392,42.39670164142436,27.290971071457392
A66,91.76243446428589,77.25975343963384,92.76243446428589,78.25975343963384
A67,2.066661758186969,1.2617885234025146,3.066661758186969,2.2617885234025144
A68,43.18065761608042,67.09737284568459,44.18065761608042,68.09737284568459
A69,52.43804059197754,0.3623209864793018,53.43804059197754,1.3623209864793018
A70,65.63250609867778,79.7691867766038,66.63250609867778,80.7691867766038
A71,62.651183402751776,76.0932067781218,63.651183402751776,77.0932067781218
A72,33.478485335543425,25.66871684538963,34.478485335543425,26.66871684538963
A73,93.11656451235724,77.21994180741521,94.11656451235724,78.21994180741521
A74,13.711390667070969,24.356530360347726,14.711390667070969,25.356530360347726
A75,98.10098150945088,31.625482960743515,99.10098150945088,32.62548296074351
A76,84.94505482973953,47.28885325902367,85.94505482973953,48.28885325902367
A77,53.11750816379492,42.32069737830604,54.11750816379492,43.32069737830604
A78,41.89538048733334,62.005240635585245,42.89538048733334,63.005240635585245
A79,58.62264272937485,93.756200063261,59.62264272937485,94.756200063261
A80,67.50361548757031,41.341297362341834,68.50361548757031,42.341297362341834
A81,27.615274395244867,75.77520733385619,28.615274395244867,76.77520733385619
A82,8.582382342790268,53.197457180233016,9.582382342790268,54.197457180233016
A83,14.61523046880054,12.138010213764964,15.61523046880054,13.138010213764964
A84,74.50550757165587,1.4759961195393585,75.50550757165587,2.4759961195393583
A85,49.10988154299059,29.089973158171265,50.10988154299059,30.089973158171265
A86,38.781508866389665,70.42276907737384,39.781508866389665,71.42276907737384
A87,90.90175061731867,43.356127198023685,91.90175061731867,44.356127198023685
A88,53.94143534047279,14.89491677723814,54.94143534047279,15.89491677723814
A89,82.503178732545,54.73632608615725,83.503178732545,55.73632608615725
A90,64.90426418782243,97.48831508191958,65.90426418782243,98.48831508191958
A91,83.70047746826228,64.96031045205156,84.70047746826228,65.96031045205156
A92,2.367130297114561,51.71691873401113,3.367130297114561,52.71691873401113
A93,13.35838507382825,25.458705241621885,14.35838507382825,26.458705241621885
A94,43.94143201317881,76.63242038177137,44.94143201317881,77.63242038177137
A95,55.01315653353044,70.41413615027719,56.01315653353044,71.41413615027719
A96,85.65723904467617,89.21492418334309,86.65723904467617,90.21492418334309
A97,90.26712112144453,32.892379375740646,91.26712112144453,33.892379375740646
A98,27.553492511435525,65.86133706762327,28.553492511435525,66.86133706762327
A99,97.30042526441392,10.578417226039186,98.30042526441392,11.578417226039186
A100,56.98572132033814,53.33463929058107,57.98572132033814,54.33463929058107
A101,2.8752683696840164,29.20163218226,3.8752683696840164,30.20163218226
A102,51.417014962628464,93.97928315165281,52.417014962628464,94.97928315165281
A103,25.364301404477267,23.193761256222967,26.364301404477267,24.193761256222967
A104,91.38694535124641,7.212866306750276,92.38694535124641,8.212866306750275
A105,64.84311072056771,68.97074450006718,65.84311072056771,69.97074450006718
A106,54.87624958280034,66.58190662155418,55.87624958280034,67.58190662155418
A107,38.50358542287645,80.53874229782787,39.50358542287645,81.53874229782787
A108,88.0417858200266,91.52311849409918,89.0417858200266,92.52311849409918
A109,55.0198028156718,14.985468776331878,56.0198028156718,15.985468776331878
A110,78.79562492789692,45.85700450600837,79.79562492789692,46.85700450600837
A111,2.3869279398567675,89.39849246735322,3.3869279398567675,90.39849246735322
A112,48.23611459052236,71.87185893068788,49.23611459052236,72.87185893068788
A113,13.046853431132947,24.034799632336693,14.046853431132947,25.034799632336693
A114,49.60489584836009,39.539723936103144,50.60489584836009,40.539723936103144
A115,81.72381478040222,2.8171109544909574,82.72381478040222,3.8171109544909574
A116,75.83370494122194,90.17979437028377,76.83370494122194,91.17979437028377
A117,71.39371376240352,4.912732305405746,72.39371376240352,5.912732305405746
A118,5.1908551055197005,88.88965682956638,6.1908551055197005,89.88965682956638
A119,8.656598197612816,60.3265959291035,9.656598197612816,61.3265959291035
A120,46.594268325399014,65.45609040769652,47.594268325399014,66.45609040769652
A121,46.52265444780903,16.794682689789717,47.52265444780903,17.794682689789717
A122,29.332617469454938,18.269326011448662,30.332617469454938,19.269326011448662
A123,65.66502796330467,25.058301733869893,66.66502796330467,26.058301733869893
A124,49.57683215270608,70.43617530133139,50.57683215270608,71.43617530133139
A125,17.09779644773228,40.67136816803587,18.09779644773228,41.67136816803587
A126,29.194331434343315,6.905998500912296,30.194331434343315,7.905998500912296
A127,93.711065596939,36.31090398135774,94.711065596939,37.31090398135774
A128,39.18495518269721,77.41815388421689,40.18495518269721,78.41815388421689
A129,5.177567191694065,39.265359689408015,6.177567191694065,40.265359689408015
A130,68.02479141845858,84.1956720807074,69.02479141845858,85.1956720807074
A131,89.6332725302682,41.52890258349266,90.6332725302682,42.52890258349266
A132,10.679294204454921,34.27343136418349,11.679294204454921,35.27343136418349
A133,98.76864829323566,90.16236147572147,99.76864829323566,91.16236147572147
A134,83.69133521047947,84.74425973586875,84.69133521047947,85.74425973586875
A135,44.73610575503371,16.906661794998698,45.73610575503371,17.906661794998698
A136,93.0395637470932,34.596486180935926,94.0395637470932,35.596486180935926
A137,92.64968587743601,46.31986658715602,93.64968587743601,47.31986658715602
A138,5.052340921540411,13.069213209293327,6.052340921540411,14.069213209293327
A139,53.167531161290015,63.43504130612821,54.167531161290015,64.43504130612821
A140,30.96157668109487,1.669012380612645,31.96157668109487,2.669012380612645
A141,98.65271637792952,88.89235173709996,99.65271637792952,89.89235173709996
A142,66.72755357235091,47.89710004340477,67.72755357235091,48.89710004340477
A143,79.58606350984122,94.63060684945506,80.58606350984122,95.63060684945506
A144,98.88599283297312,14.5578217430287,99.88599283297312,15.5578217430287
A145,90.21179339472958,70.58951286393443,91.21179339472958,71.58951286393443
A146,78.75678706500382,70.4066159203408,79.75678706500382,71.4066159203408
A147,96.03545677308799,8.891692277525761,97.03545677308799,9.891692277525761
A148,61.910128291121325,49.221679403982165,62.910128291121325,50.221679403982165
A149,54.83785652321111,91.85924090043719,55.83785652321111,92.85924090043719
A150,33.219208938615814,85.64368001986634,34.219208938615814,86.64368001986634
A151,79.73815394093023,2.987675393456158,80.73815394093023,3.987675393456158
A152,55.91782841828378,68.57008725590825,56.91782841828378,69.57008725590825
A153,83.09025966105597,50.97795245804312,84.09025966105597,51.97795245804312
A154,65.30659016902639,50.56205163993274,66.30659016902639,51.56205163993274
A155,16.62402039396947,50.27029445340543,17.62402039396947,51.27029445340543
A156,45.43239046933923,38.4461448013589,46.43239046933923,39.4461448013589
A157,80.28429133781314,27.79561022453354,81.28429133781314,28.79561022453354
A158,64.51309413600508,55.74109975471223,65.51309413600508,56.74109975471223
A159,72.88182273188113,9.363663017670742,73.88182273188113,10.363663017670742
A160,87.65733543205086,28.113771566464326,88.65733543205086,29.113771566464326
A161,73.07054384032939,40.257354050971514,74.07054384032939,41.257354050971514
A162,21.981379413482067,87.04413519545618,22.981379413482067,88.04413519545618
A163,67.77729943802476,9.58783542053909,68.77729943802476,10.58783542053909
A164,2.7519656013521683,9.593392482954677,3.7519656013521683,10.593392482954677
A165,51.24107932381106,62.239705906763064,52.24107932381106,63.239705906763064
A166,65.36063378414316,38.78983557019415,66.36063378414316,39.78983557019415
A167,76.43206366524751,77.90522262854122,77.43206366524751,78.90522262854122
A168,20.36397490390747,30.010239695787988,21.36397490390747,31.010239695787988
A169,57.17172235425893,27.549568210360906,58.17172235425893,28.549568210360906
A170,8.066086526565194,94.64135379064005,9.066086526565194,95.64135379064005
A171,94.94159670278236,19.957635204789916,95.94159670278236,20.957635204789916
A172,44.45574582843287,49.18192192764442,45.45574582843287,50.18192192764442
A173,54.031178830246695,25.78957126664673,55.031178830246695,26.78957126664673
A174,7.692278505462487,9.144995923764863,8.692278505462486,10.144995923764863
A175,27.80166721305641,55.7694760402727,28.80166721305641,56.7694760402727
A176,54.07058869996784,88.2390584120341,55.07058869996784,89.2390584120341
A177,82.90702188139439,18.755551206434827,83.90702188139439,19.755551206434827
A178,8.954088314440416,4.3042387500392065,9.954088314440416,5.3042387500392065
A179,25.28920734974538,79.64515724732547,26.28920734974538,80.64515724732547
A180,16.3829952233027,69.85726674857881,17.3829952233027,70.85726674857881
A181,30.47049131824568,86.28618073429534,31.47049131824568,87.28618073429534
A182,37.086388341147426,57.89267241919923,38.086388341147426,58.89267241919923
A183,71.28587755761797,93.74986373084337,72.28587755761797,94.74986373084337
A184,86.25116298249505,9.818343833612442,87.25116298249505,10.818343833612442
A185,77.22215119265753,90.01549815483001,78.22215119265753,91.01549815483001
A186,84.0214930558015,60.72118049066086,85.0214930558015,61.72118049066086
A187,74.4971850520387,66.65290602926913,75.4971850520387,67.65290602926913
A188,42.08212087180005,56.87990142998047,43.08212087180005,57.87990142998047
A189,3.6028923401629918,63.76826609885297,4.602892340162992,64.76826609885296
A190,97.5179520555398,59.95558301667586,98.5179520555398,60.95558301667586
A191,40.748107367035104,45.54077923023304,41.748107367035104,46.54077923023304
A192,87.48921744149165,31.37731982105175,88.48921744149165,32.37731982105175
A193,21.084438945658054,97.99149237648386,22.084438945658054,98.99149237648386
A194,94.28973287117843,8.280014665578946,95.28973287117843,9.280014665578946
A195,62.8939488461951,83.5845175341336,63.8939488461951,84.5845175341336
A196,61.35459380355711,66.04105859196994,62.35459380355711,67.04105859196994
A197,58.677549327681376,21.009987348880067,59.677549327681376,22.009987348880067
A198,42.106785998340094,51.53079976482496,43.106785998340094,52.53079976482496
A199,10.632835732571394,5.541725688398261,11.632835732571394,6.541725688398261
A200,84.8962631645106,16.799911567598716,85.8962631645106,17.799911567598716
A201,80.27588049857273,91.7509597011243,81.27588049857273,92.7509597011243
A202,4.720384964024677,31.359696002375244,5.720384964024677,32.359696002375244
A203,92.22962908807172,96.67680823450505,93.22962908807172,97.67680823450505
A204,56.83478322225002,91.0244230175387,57.83478322225002,92.0244230175387
A205,7.832663961175184,97.45810990788479,8.832663961175184,98.45810990788479
A206,61.006731662857845,40.340112504713325,62.006731662857845,41.340112504713325
A207,26.586456747296545,25.98071659429245,27.586456747296545,26.98071659429245
A208,10.733325846840845,68.6069677362837,11.733325846840845,69.6069677362837
A209,59.24363420232083,2.1229890358231227,60.24363420232083,3.1229890358231227
A210,69.51680514563554,61.5342157606905,70.51680514563554,62.5342157606905
A211,73.34459785546085,20.788132452377535,74.34459785546085,21.788132452377535
A212,5.981861626474128,14.496839101650776,6.981861626474128,15.496839101650776
A213,13.533727981575048,36.542247221387264,14.533727981575048,37.542247221387264
A214,36.985416776166595,88.45016497881636,37.985416776166595,89.45016497881636
A215,1.702343949659368,17.840166274707084,2.702343949659368,18.840166274707084
A216,21.90245443224109,83.02445174606049,22.90245443224109,84.02445174606049
A217,23.24231234402317,88.84528523284608,24.24231234402317,89.84528523284608
A218,65.49832501916143,67.15888160902301,66.49832501916143,68.15888160902301
A219,36.10913955868131,54.66439486775204,37.10913955868131,55.66439486775204
A220,25.468288774017626,42.566989282937996,26.468288774017626,43.566989282937996
A221,35.98984579906849,30.269178733586344,36.98984579906849,31.269178733586344
A222,75.26100477917379,22.85759519335146,76.26100477917379,23.85759519335146
A223,6.269817863420141,30.17645330653357,7.269817863420141,31.17645330653357
A224,53.113585775345065,9.934649935607156,54.113585775345065,10.934649935607156
A225,10.506010814431505,14.96388843004285,11.506010814431505,15.96388843004285
A226,88.54414321640222,92.40455372308676,89.54414321640222,93.40455372308676
A227,45.17838133041861,91.96401500316765,46.17838133041861,92.96401500316765
A228,23.644693793777584,20.99897729121253,24.644693793777584,21.99897729121253
A229,86.04728496876687,61.033589103201244,87.04728496876687,62.033589103201244
A230,89.70481402217408,65.96962054894189,90.70481402217408,66.96962054894189
A231,53.95356261853602,64.11441523245385,54.95356261853602,65.11441523245385
A232,21.153899097854087,31.945480545864363,22.153899097854087,32.94548054586436
A233,50.7366855939602,24.196981451899035,51.7366855939602,25.196981451899035
A234,86.04299368870413,88.43640612068002,87.04299368870413,89.43640612068002
A235,33.94688960775926,65.31957739744244,34.94688960775926,66.31957739744244
A236,97.65668000505222,12.686657845090766,98.65668000505222,13.686657845090766
A237,47.30681313287325,49.11367698213438,48.30681313287325,50.11367698213438
A238,54.13552695661831,8.404496227526025,55.13552695661831,9.404496227526025
A239,31.57400211475686,27.802346344778446,32.57400211475686,28.802346344778446
A240,84.08235179502783,18.488928476653772,85.08235179502783,19.488928476653772
A241,73.28137816805354,58.76834800671328,74.28137816805354,59.76834800671328
A242,75.61003202656354,40.605719773927284,76.61003202656354,41.605719773927284
A243,9.971917931044592,51.666061590110125,10.971917931044592,52.666061590110125
A244,74.69704345372047,42.92264112667209,75.69704345372047,43.92264112667209
A245,5.664946269998692,59.209253684950404,6.664946269998692,60.209253684950404
A246,65.37068848392828,43.88680026484717,66.37068848392828,44.88680026484717
A247,90.39152237365639,85.38638426272169,91.39152237365639,86.38638426272169
A248,88.96878321874908,97.42873351330462,89.96878321874908,98.42873351330462
A249,5.877507071469744,66.80466217934168,6.877507071469744,67.80466217934168
A250,21.764980532743675,3.3959789472801054,22.764980532743675,4.395978947280105
A251,45.92778759756954,3.112592534336797,46.92778759756954,4.112592534336796
A252,60.19789121056088,12.518588696502512,61.19789121056088,13.518588696502512
A253,61.53787240526587,37.22835650536104,62.53787240526587,38.22835650536104
A254,96.9909836834941,45.11921370311233,97.9909836834941,46.11921370311233
A255,84.70723525129317,45.76333868672875,85.70723525129317,46.76333868672875
A256,21.7685035379544,7.1183586344267225,22.7685035379544,8.118358634426723
A257,68.91537134275578,31.300297774115865,69.91537134275578,32.30029777411586
A258,86.5544495082795,59.42204603845342,87.5544495082795,60.42204603845342
A259,25.36068806589804,70.33573467885205,26.36068806589804,71.33573467885205
A260,64.50710746962666,54.425597373736906,65.50710746962666,55.425597373736906
A261,65.92995239149643,81.86162919545302,66.92995239149643,82.86162919545302
A262,31.25248240577017,33.82417057785764,32.25248240577017,34.82417057785764
A263,11.983767269884666,0.6680914674864896,12.983767269884666,1.6680914674864895
A264,65.33914765269886,66.61133604677396,66.33914765269886,67.61133604677396
A265,59.69842563568532,9.798871899213825,60.69842563568532,10.798871899213825
A266,42.86969157337911,6.345886901050627,43.86969157337911,7.345886901050627
A267,11.508168397688648,37.70144290503378,12.508168397688648,38.70144290503378
A268,12.100737594113534,65.20041008327273,13.100737594113534,66.20041008327273
A269,56.57185182732388,10.891074205344678,57.57185182732388,11.891074205344678
A270,55.40657330785032,33.267723933377425,56.40657330785032,34.267723933377425
A271,78.37219334899936,38.96208572186692,79.37219334899936,39.96208572186692
A272,26.23527161326261,55.1323368899099,27.23527161326261,56.1323368899099
A273,36.28390497176743,53.93819430858981,37.28390497176743,54.93819430858981
A274,89.17044942500846,60.847376778239635,90.17044942500846,61.847376778239635
A275,43.56749208799905,44.1312549577982,44.56749208799905,45.1312549577982
A276,47.36855322058836,55.86170869124298,48.36855322058836,56.86170869124298
A277,27.94155679446116,73.39214886996416,28.94155679446116,74.39214886996416
A278,39.66913391109579,73.35539175716562,40.66913391109579,74.35539175716562
A279,90.84953865673477,36.18132979307174,91.84953865673477,37.18132979307174
A280,60.47760198183098,6.66567085632278,61.47760198183098,7.66567085632278
A281,10.691367319033878,30.251273401764898,11.691367319033878,31.251273401764898
A282,71.47268616506547,34.68441532999428,72.47268616506547,35.68441532999428
A283,94.91999801663106,20.440970454685946,95.91999801663106,21.440970454685946
A284,70.84680931342174,67.87244650529902,71.84680931342174,68.87244650529902
A285,10.880808999167947,30.42250587278135,11.880808999167947,31.42250587278135
A286,72.68997388176435,19.673552904546288,73.68997388176435,20.673552904546288
A287,22.830214010654096,7.805782776160014,23.830214010654096,8.805782776160015
A288,68.64025830309667,36.36900466487894,69.64025830309667,37.36900466487894
A289,8.844180491997745,96.74768589748346,9.844180491997745,97.74768589748346
A290,83.58369148420121,91.88082496170102,84.58369148420121,92.88082496170102
A291,71.2565989401152,86.61720289455455,72.2565989401152,87.61720289455455
A292,68.86780659743134,58.42912319858635,69.86780659743134,59.42912319858635
A293,45.68291430741591,2.2112068237242544,46.68291430741591,3.2112068237242544
A294,27.266179217828707,24.31149303946241,28.266179217828707,25.31149303946241
A295,89.00245030407368,36.66247999983969,90.00245030407368,37.66247999983969
A296,95.34749011991796,53.13083885329152,96.34749011991796,54.13083885329152
A297,64.02991650512627,37.680182247592256,65.02991650512627,38.680182247592256
A298,81.67961841577983,6.780176824732541,82.67961841577983,7.780176824732541
A299,79.7558054867628,80.28973058853356,80.7558054867628,81.28973058853356
A300,31.41922635151684,92.6169860259207,32.41922635151684,93.6169860259207
A301,76.84490403876693,19.114322429303627,77.84490403876693,20.114322429303627
A302,4.431277914296467,71.16088511345836,5.431277914296467,72.16088511345836
A303,22.09168384370708,93.67327463378633,23.09168384370708,94.67327463378633
A304,40.511572334482324,32.44847961416337,41.511572334482324,33.44847961416337
A305,84.38974578132569,19.078223350310726,85.38974578132569,20.078223350310726
A306,78.85419607756572,13.353141729476143,79.85419607756572,14.353141729476143
A307,6.188730413923743,94.27852654513075,7.188730413923743,95.27852654513075
A308,11.366726609860233,29.43452464443763,12.366726609860233,30.43452464443763
A309,81.99524565065927,71.36752047060314,82.99524565065927,72.36752047060314
A310,75.94129424136004,46.49966631215105,76.94129424136004,47.49966631215105
A311,67.54815794893048,98.54923454810704,68.54815794893048,99.54923454810704
A312,83.35273956219652,90.57521179405417,84.35273956219652,91.57521179405417
A313,60.69462752384258,35.387433513666444,61.69462752384258,36.387433513666444
A314,46.97742291542871,13.458878963668155,47.97742291542871,14.458878963668155
A315,45.18218272784301,59.73692994117492,46.18218272784301,60.73692994117492
A316,78.52806947046908,58.02135508036195,79.52806947046908,59.02135508036195
A317,19.08716002722386,15.922614456580844,20.08716002722386,16.922614456580845
A318,35.99838899933161,86.16038552916167,36.99838899933161,87.16038552916167
A319,53.24127654686991,67.42718894685206,54.24127654686991,68.42718894685206
A320,7.4207931008956045,56.92092102603883,8.420793100895605,57.92092102603883
A321,28.239774066399736,6.732463946560177,29.239774066399736,7.732463946560177
A322,48.756648652463376,17.39144256493593,49.756648652463376,18.39144256493593
A323,91.39287800340243,34.15714291046424,92.39287800340243,35.15714291046424
A324,57.14767835976607,62.990137955689065,58.14767835976607,63.990137955689065
A325,72.38966623554187,5.69352292444193,73.38966623554187,6.69352292444193
A326,89.68740317064199,47.92789042264526,90.68740317064199,48.92789042264526
A327,55.949998870204,15.536941174215059,56.949998870204,16.53694117421506
A328,17.579300972587458,96.33705499421316,18.579300972587458,97.33705499421316
A329,77.36687855512318,47.11978283198436,78.36687855512318,48.11978283198436
A330,69.72970073771098,14.8560108660539,70.72970073771098,15.8560108660539
A331,68.36077724072082,53.16632305337344,69.36077724072082,54.16632305337344
A332,55.27089494826982,33.45935777582724,56.27089494826982,34.45935777582724
A333,18.120144103541097,48.518512769748675,19.120144103541097,49.518512769748675
A334,52.6156027366896,98.11599386793284,53.6156027366896,99.11599386793284
A335,24.077198690384332,2.866064924669838,25.077198690384332,3.866064924669838
A336,72.79763263966869,30.846791072836034,73.79763263966869,31.846791072836034
A337,14.204999302113302,3.90974923602211,15.204999302113302,4.90974923602211
A338,57.09823056418311,39.486272666490635,58.09823056418311,40.486272666490635
A339,49.10596909796421,50.09361916041635,50.10596909796421,51.09361916041635
A340,98.99488751197245,91.90406300944491,99.99488751197245,92.90406300944491
A341,31.52404951581898,7.0047988499203075,32.52404951581898,8.004798849920308
A342,4.21544143399546,9.389593599574923,5.21544143399546,10.389593599574923
A343,19.36647985249747,48.13209601754476,20.36647985249747,49.13209601754476
A344,1.9911648019513235,54.06716851154974,2.9911648019513235,55.06716851154974
A345,9.216319973423632,41.77191798886298,10.216319973423632,42.77191798886298
A346,8.886720574929795,17.640700151581633,9.886720574929795,18.640700151581633
A347,8.203793761594806,64.17482348206184,9.203793761594806,65.17482348206184
A348,32.764377742355336,2.660013098051951,33.764377742355336,3.660013098051951
A349,91.06079994385553,45.53845761942584,92.06079994385553,46.53845761942584
A350,78.8084748831334,87.46569093434476,79.8084748831334,88.46569093434476
A351,91.02333814109743,5.672634027957174,92.02333814109743,6.672634027957174
A352,41.832022749194024,33.56694758754772,42.832022749194024,34.56694758754772
A353,66.70631037317364,65.72395356758884,67.70631037317364,66.72395356758884
A354,3.4886821060918813,98.15491334116604,4.488682106091881,99.15491334116604
A355,67.3314377682615,29.255634733879,68.3314377682615,30.255634733879
A356,60.38455137118821,28.892508813849656,61.38455137118821,29.892508813849656
A357,83.0466136939152,59.41104849161682,84.0466136939152,60.41104849161682
A358,88.29193091097554,58.936666066246644,89.29193091097554,59.936666066246644
A359,54.548994072178516,75.34362762361685,55.548994072178516,76.34362762361685
A360,27.902416619193904,45.005105392173796,28.902416619193904,46.005105392173796
A361,23.78788911896727,70.20615845375272,24.78788911896727,71.20615845375272
A362,20.18395753989186,70.50419397470316,21.18395753989186,71.50419397470316
A363,75.09281252445804,15.84149684986638,76.09281252445804,16.84149684986638
A364,87.31756974049635,73.76581321518094,88.31756974049635,74.76581321518094
A365,10.66941264434007,62.65348018012967,11.66941264434007,63.65348018012967
A366,37.711356208889256,18.499751369379993,38.711356208889256,19.499751369379993
A367,65.38095223175232,33.35353123120628,66.38095223175232,34.35353123120628
A368,66.74958449513124,97.50333247346059,67.74958449513124,98.50333247346059
A369,92.57079081431493,24.51929842151946,93.57079081431493,25.51929842151946
A370,69.91078644052455,68.66014870321705,70.91078644052455,69.66014870321705
A371,33.75234520549372,93.16210370879294,34.75234520549372,94.16210370879294
A372,73.27750335984392,68.39721573429868,74.27750335984392,69.39721573429868
A373,86.56360653380202,0.08032940289937773,87.56360653380202,1.0803294028993777
A374,13.252318534934798,21.41026869698907,14.252318534934798,22.41026869698907
A375,20.606847229227846,48.617481166055946,21.606847229227846,49.617481166055946
A376,33.626096678702496,25.404291052370894,34.626096678702496,26.404291052370894
A377,95.46877009639948,33.35015938627605,96.46877009639948,34.35015938627605
A378,29.485677352686537,19.773434562160514,30.485677352686537,20.773434562160514
A379,7.608199828542905,89.12433452032737,8.608199828542904,90.12433452032737
A380,53.33999627694786,48.49888436826777,54.33999627694786,49.49888436826777
A381,59.17608668723902,92.21508333512998,60.17608668723902,93.21508333512998
A382,19.30421753297389,78.94090716579743,20.30421753297389,79.94090716579743
A383,37.78204592810855,72.76938270500239,38.78204592810855,73.76938270500239
A384,96.51878933138903,38.108236330350984,97.51878933138903,39.108236330350984
A385,80.8396938249392,98.83640254629822,81.8396938249392,99.83640254629822
A386,4.463104102899356,81.92234236440258,5.463104102899356,82.92234236440258
A387,76.76807100112211,46.112133440297704,77.76807100112211,47.112133440297704
A388,14.146658073655384,67.62183618693595,15.146658073655384,68.62183618693595
A389,43.518169908279035,35.437125592726126,44.518169908279035,36.437125592726126
A390,35.75021641679332,77.55410676630916,36.75021641679332,78.55410676630916
A391,82.08960574643963,97.83911748618631,83.08960574643963,98.83911748618631
A392,61.97848512031531,79.04016092088857,62.97848512031531,80.04016092088857
A393,7.77995951369243,52.892039253554245,8.779959513692429,53.892039253554245
A394,16.149149915687673,52.31046472892482,17.149149915687673,53.31046472892482
A395,1.4150389042829454,34.70441971263665,2.4150389042829454,35.70441971263665
A396,93.31480105761597,84.53459267490528,94.31480105761597,85.53459267490528
A397,57.13622022665944,52.72371513974892,58.13622022665944,53.72371513974892
A398,79.1722117772963,37.3906928362219,80.1722117772963,38.3906928362219
A399,18.62054975928922,34.15572040246746,19.62054975928922,35.15572040246746
A400,77.47949666617909,80.80807804227743,78.47949666617909,81.80807804227743
A401,7.748056071816677,38.48304775985563,8.748056071816677,39.48304775985563
A402,57.33244607972171,20.436399641506938,58.33244607972171,21.436399641506938
A403,53.011522723153284,54.45263616497834,54.011522723153284,55.45263616497834
A404,0.059635541661353764,33.667931633738085,1.0596355416613537,34.667931633738085
A405,92.83144261640008,32.874714675114305,93.83144261640008,33.874714675114305
A406,6.4065484703483735,11.628430991549315,7.4065484703483735,12.628430991549315
A407,85.11136020474825,2.338634799920634,86.11136020474825,3.338634799920634
A408,16.061500579364107,1.1948295097041588,17.061500579364107,2.194829509704159
A409,30.505919960659295,14.1722608922177,31.505919960659295,15.1722608922177
A410,80.72786891350184,82.14890064424944,81.72786891350184,83.14890064424944
A411,96.33917910627329,98.92271691776796,97.33917910627329,99.92271691776796
A412,41.6456972185434,21.271479778867736,42.6456972185434,22.271479778867736
A413,95.34623883660416,47.34811184066339,96.34623883660416,48.34811184066339
A414,32.668136393297914,46.04904184867528,33.668136393297914,47.04904184867528
A415,54.33600254620124,79.09613291702506,55.33600254620124,80.09613291702506
A416,90.3504637441493,4.832548432209809,91.3504637441493,5.832548432209809
A417,42.24099851669427,80.00287242564092,43.24099851669427,81.00287242564092
A418,20.49510125823678,31.885792334563984,21.49510125823678,32.88579233456399
A419,71.83948290290924,84.78629227010519,72.83948290290924,85.78629227010519
A420,19.039556680928495,46.78794099409886,20.039556680928495,47.78794099409886
A421,27.48353030367163,82.84647453426021,28.48353030367163,83.84647453426021
A422,16.445088011510865,25.690166314050387,17.445088011510865,26.690166314050387
A423,61.761607987386384,21.37244455178927,62.761607987386384,22.37244455178927
A424,14.00683819687094,79.30216148157066,15.00683819687094,80.30216148157066
A425,41.964066377847445,49.76324838546388,42.964066377847445,50.76324838546388
A426,67.43546307986068,2.951505339054541,68.43546307986068,3.951505339054541
A427,42.01286722008678,53.6480876002057,43.01286722008678,54.6480876002057
A428,9.684740729751347,3.1181570000336665,10.684740729751347,4.1181570000336665
A429,30.768457507582298,42.0595921500033,31.768457507582298,43.0595921500033
A430,34.96192288827468,74.90362950622261,35.96192288827468,75.90362950622261
A431,76.26804499505474,50.11194813327343,77.26804499505474,51.11194813327343
A432,53.12183024210618,3.2788747502786633,54.12183024210618,4.278874750278663
A433,82.7903465115438,36.460851441848924,83.7903465115438,37.460851441848924
A434,24.554269550330147,6.3959752992987795,25.554269550330147,7.3959752992987795
A435,55.14773876124069,74.269226168839,56.14773876124069,75.269226168839
A436,77.46410457703003,10.255673373489552,78.46410457703003,11.255673373489552
A437,43.97256486614296,8.279242263330882,44.97256486614296,9.279242263330882
A438,91.06211251597112,14.10725888338022,92.06211251597112,15.10725888338022
A439,58.45314361890861,92.39296121232823,59.45314361890861,93.39296121232823
A440,39.76756055039074,91.3027299349995,40.76756055039074,92.3027299349995
A441,13.250413003432392,51.18440058433774,14.250413003432392,52.18440058433774
A442,93.35380923454899,94.41956009268388,94.35380923454899,95.41956009268388
A443,69.16183918678448,94.23459821505442,70.16183918678448,95.23459821505442
A444,88.04360750716397,44.4725143713741,89.04360750716397,45.4725143713741
A445,5.130445895146556,70.2797617119187,6.130445895146556,71.2797617119187
A446,67.47171863598079,79.04924012238182,68.47171863598079,80.04924012238182
A447,48.3612500608097,50.13280493325258,49.3612500608097,51.13280493325258
A448,70.63171270520762,53.54908431317245,71.63171270520762,54.54908431317245
A449,64.71274393135985,96.0809557685014,65.71274393135985,97.0809557685014
A450,18.54297789924428,78.17821830249295,19.54297789924428,79.17821830249295
A451,69.31516358769554,15.753456649975817,70.31516358769554,16.753456649975817
A452,81.78546095882601,7.233040083144341,82.78546095882601,8.233040083144342
A453,78.52366939765815,38.45504035853529,79.52366939765815,39.45504035853529
A454,30.097496205588083,95.6694221671863,31.097496205588083,96.6694221671863
A455,32.74151032562404,45.63995482286611,33.74151032562404,46.63995482286611
A456,85.65247571967983,29.533369553379817,86.65247571967983,30.533369553379817
A457,47.42337084953776,35.797640538144066,48.42337084953776,36.797640538144066
A458,33.940668563975656,79.31559919138243,34.940668563975656,80.31559919138243
A459,72.77198900792644,56.75155857624251,73.77198900792644,57.75155857624251
A460,55.552049090274906,69.20413663118003,56.552049090274906,70.20413663118003
A461,18.25204989494036,57.702163746747566,19.25204989494036,58.702163746747566
A462,89.58569153463183,14.705583587728748,90.58569153463183,15.705583587728748
A463,42.37653613101643,79.05652217828498,43.37653613101643,80.05652217828498
A464,78.46203573509577,6.204366783860653,79.46203573509577,7.204366783860653
A465,63.44684731902044,74.54025324354751,64.44684731902043,75.54025324354751
A466,37.81366199692441,63.553737447077964,38.81366199692441,64.55373744707796
A467,32.06967548010049,59.82637193809048,33.06967548010049,60.82637193809048
A468,93.37620696359184,64.77977246339734,94.37620696359184,65.77977246339734
A469,38.31295931970378,27.478466346745982,39.31295931970378,28.478466346745982
A470,60.01411265833723,15.882308102138525,61.01411265833723,16.882308102138524
A471,58.472122751445234,70.4238708661811,59.472122751445234,71.4238708661811
A472,94.83873686651026,13.161933831978118,95.83873686651026,14.161933831978118
A473,3.9007656537023343,19.057031705691426,4.900765653702335,20.057031705691426
A474,3.6764420063478283,85.93448688646906,4.676442006347829,86.93448688646906
A475,61.52510404474731,40.61780984364309,62.52510404474731,41.61780984364309
A476,48.749726784651365,2.4867506448161216,49.749726784651365,3.4867506448161216
A477,52.044609024014605,86.5323345586625,53.044609024014605,87.5323345586625
A478,87.24998474096869,37.70949340652935,88.24998474096869,38.70949340652935
A479,25.73464972086176,83.63346038644113,26.73464972086176,84.63346038644113
A480,64.15766981291235,55.33764657166144,65.15766981291235,56.33764657166144
A481,72.61686656679075,58.34963840272643,73.61686656679075,59.34963840272643
A482,16.21835656877966,39.619507448754725,17.21835656877966,40.619507448754725
A483,19.397743926067186,66.29048638040055,20.397743926067186,67.29048638040055
A484,79.23831315366674,44.344866557074226,80.23831315366674,45.344866557074226
A485,17.23506191388224,90.38832865836596,18.23506191388224,91.38832865836596
A486,97.9383317673045,82.53138232972974,98.9383317673045,83.53138232972974
A487,1.245458957448163,21.23384952057814,2.2454589574481627,22.23384952057814
A488,55.044093942319655,87.17540797165984,56.044093942319655,88.17540797165984
A489,69.36324282687316,9.487146073831136,70.36324282687316,10.487146073831136
A490,83.02794601861827,83.54462692521476,84.02794601861827,84.54462692521476
A491,6.002667697261507,59.65667758898006,7.002667697261507,60.65667758898006
A492,70.13304077974858,70.92841349010567,71.13304077974858,71.92841349010567
A493,82.10669420610607,95.36790887472984,83.10669420610607,96.36790887472984
A494,79.15164159034161,20.6121091500354,80.15164159034161,21.6121091500354
A495,22.01621638275227,13.013991399572893,23.01621638275227,14.013991399572893
A496,6.14422085683576,47.04388767244133,7.14422085683576,48.04388767244133
A497,16.04866387818868,6.176057835803021,17.04866387818868,7.176057835803021
A498,19.883138992364966,9.45484497507609,20.883138992364966,10.45484497507609
A499,56.73980149793271,91.55216072758527,57.73980149793271,92.55216072758527
A500,11.279062943950999,25.785214628049694,12.279062943950999,26.785214628049694
A501,92.60848231210745,10.144880465554701,93.60848231210745,11.144880465554701
A502,88.56210002450491,19.904910116599908,89.56210002450491,20.904910116599908
A503,39.22505826138704,67.63480254836702,40.22505826138704,68.63480254836702
A504,79.7216080118817,71.32230240733614,80.7216080118817,72.32230240733614
A505,19.083546251121746,11.431381115267161,20.083546251121746,12.431381115267161
A506,21.061831452144233,43.84856335798006,22.061831452144233,44.84856335798006
A507,8.013851261260692,40.66442129026609,9.013851261260692,41.66442129026609
A508,0.17560455447977463,28.116321276126175,1.1756045544797746,29.116321276126175
A509,27.063934247613716,50.929744114838996,28.063934247613716,51.929744114838996
A510,29.70764598272674,30.901431168534593,30.70764598272674,31.901431168534593
A511,26.60995318916261,29.902175383640543,27.60995318916261,30.902175383640543
A512,6.372836657744567,24.74046238330415,7.372836657744567,25.74046238330415
A513,48.9760631209135,12.772369629919401,49.9760631209135,13.772369629919401
A514,36.11311737043755,94.68252303596427,37.11311737043755,95.68252303596427
A515,87.77333078244696,72.98256596137847,88.77333078244696,73.98256596137847
A516,31.43477390951677,75.65388390705894,32.43477390951677,76.65388390705894
A517,6.640288591779842,12.579281934803298,7.640288591779842,13.579281934803298
A518,90.64151524669896,47.947088497038095,91.64151524669896,48.947088497038095
A519,64.10982732640208,82.10622804303371,65.10982732640208,83.10622804303371
A520,94.73735366045176,95.10730293608448,95.73735366045176,96.10730293608448
A521,76.86732703582697,11.969942545717172,77.86732703582697,12.969942545717172
A522,10.263906466053582,57.825408485072316,11.263906466053582,58.825408485072316
A523,95.8431306904319,50.24901791965526,96.8431306904319,51.24901791965526
A524,64.75282746151467,86.15824387326485,65.75282746151467,87.15824387326485
A525,77.39590139841626,56.030034695044925,78.39590139841626,57.030034695044925
A526,76.56566324726522,32.14652758619435,77.56566324726522,33.14652758619435
A527,15.229385612689835,65.93540308291446,16.229385612689835,66.93540308291446
A528,92.28273974741286,7.45242755503307,93.28273974741286,8.45242755503307
A529,18.36356654834312,95.82592526482814,19.36356654834312,96.82592526482814
A530,10.25024493397008,62.47342157144307,11.25024493397008,63.47342157144307
A531,47.54148403215959,86.79596101071718,48.54148403215959,87.79596101071718
A532,59.74002771663149,84.17390211170942,60.74002771663149,85.17390211170942
A533,19.31073389889591,73.09461083415458,20.31073389889591,74.09461083415458
A534,85.28480446715558,87.14086238993747,86.28480446715558,88.14086238993747
A535,84.50440747382774,67.62918348508289,85.50440747382774,68.62918348508289
A536,48.99877430280784,47.25663715278579,49.99877430280784,48.25663715278579
A537,95.40201296423032,0.8941000728036712,96.40201296423032,1.8941000728036712
A538,8.82714871121619,4.968469873209755,9.82714871121619,5.968469873209755
A539,56.16949233610377,22.701649248814512,57.16949233610377,23.701649248814512
A540,92.83858985226217,64.36627219837992,93.83858985226217,65.36627219837992
A541,56.36638380062802,95.5268782532757,57.36638380062802,96.5268782532757
A542,79.38145071166784,98.80472374201159,80.38145071166784,99.80472374201159
A543,88.17592509216587,27.322969210660826,89.17592509216587,28.322969210660826
A544,97.42208083545515,57.309711284822946,98.42208083545515,58.309711284822946
A545,20.984170307141262,44.23401259385593,21.984170307141262,45.23401259385593
A546,72.56525854218425,74.71955128244741,73.56525854218425,75.71955128244741
A547,67.38034085648118,57.025405960057306,68.38034085648118,58.025405960057306
A548,60.48020027560318,20.337644453203684,61.48020027560318,21.337644453203684
A549,81.47861510366533,95.25602052917162,82.47861510366533,96.25602052917162
A550,15.06227119564085,52.89377452645338,16.06227119564085,53.89377452645338
A551,25.012268928385744,79.98601726586385,26.012268928385744,80.98601726586385
A552,70.00228084201163,47.522350923536614,71.00228084201163,48.522350923536614
A553,78.18297802779679,43.089743792835996,79.18297802779679,44.089743792835996
A554,0.0312702022210799,44.83000474100215,1.03127020222108,45.83000474100215
A555,90.69179075610604,47.78929431145449,91.69179075610604,48.78929431145449
A556,76.31237327921883,62.96478888762413,77.31237327921883,63.96478888762413
A557,58.153547636818345,48.312868134258146,59.153547636818345,49.312868134258146
A558,67.181608266619,7.155107473511196,68.181608266619,8.155107473511196
A559,29.542753588102055,25.995350845123003,30.542753588102055,26.995350845123003
A560,57.053791474731106,30.51982200000927,58.053791474731106,31.51982200000927
A561,69.16959879439801,61.17180509961833,70.16959879439801,62.17180509961833
A562,90.38638755683941,84.57857186510564,91.38638755683941,85.57857186510564
A563,43.893787869101025,63.201742775220225,44.893787869101025,64.20174277522023
A564,53.53847538256356,50.656768253104836,54.53847538256356,51.656768253104836
A565,83.12540459034936,11.340480429443033,84.12540459034936,12.340480429443033
A566,41.46270290648304,30.707765452180723,42.46270290648304,31.707765452180723
A567,6.577130193568248,24.089820601632425,7.577130193568248,25.089820601632425
A568,16.99350268563439,54.24974302990827,17.99350268563439,55.24974302990827
A569,2.6601816921083867,58.156549377446034,3.6601816921083867,59.156549377446034
A570,1.2642617908597635,90.40530298117038,2.2642617908597638,91.40530298117038
A571,43.78025460439616,70.79502650706898,44.78025460439616,71.79502650706898
A572,79.31119852839784,17.738315852084682,80.31119852839784,18.738315852084682
A573,39.801418130670875,14.44682742261722,40.801418130670875,15.44682742261722
A574,17.312313488743946,2.2470063877047455,18.312313488743946,3.2470063877047455
A575,66.66273596377985,40.95835709098072,67.66273596377985,41.95835709098072
A576,39.86767848827188,76.54388865070965,40.86767848827188,77.54388865070965
A577,42.414866165847364,18.117403528067605,43.414866165847364,19.117403528067605
A578,60.55079361789307,23.509003820636078,61.55079361789307,24.509003820636078
A579,97.13185681750598,53.882334767640934,98.13185681750598,54.882334767640934
A580,93.2018683219524,52.775891856773214,94.2018683219524,53.775891856773214
A581,87.36249921831913,2.694234361946295,88.36249921831913,3.694234361946295
A582,15.00216567694399,19.379154336550762,16.00216567694399,20.379154336550762
A583,46.95635410855535,73.06586702139771,47.95635410855535,74.06586702139771
A584,51.3493319462702,43.123155907219,52.3493319462702,44.123155907219
A585,53.82578618955086,44.72679634609881,54.82578618955086,45.72679634609881
A586,6.964524813201749,86.85721226854716,7.964524813201749,87.85721226854716
A587,78.1226378558198,66.51072261935703,79.1226378558198,67.51072261935703
A588,47.990240592343135,1.895347954130417,48.990240592343135,2.895347954130417
A589,60.848984025804484,42.51869557560267,61.848984025804484,43.51869557560267
A590,62.20870135808501,7.405043875992387,63.20870135808501,8.405043875992387
A591,48.50457217438783,36.55380125594106,49.50457217438783,37.55380125594106
A592,93.63910258781951,3.0061860037057233,94.63910258781951,4.006186003705723
A593,56.05431707910437,10.749542688364782,57.05431707910437,11.749542688364782
A594,66.70406294850117,95.58511792873723,67.70406294850117,96.58511792873723
A595,61.735103706958874,86.3570436993372,62.735103706958874,87.3570436993372
A596,86.79374238671822,95.01155458581961,87.79374238671822,96.01155458581961
A597,17.22418379013248,84.44839139171093,18.22418379013248,85.44839139171093
A598,62.25236452287745,27.992714909685183,63.25236452287745,28.992714909685183
A599,21.431678007620818,44.48629563387958,22.431678007620818,45.48629563387958
A600,77.47205065182258,84.99124101426506,78.47205065182258,85.99124101426506
A601,65.9916050883378,98.00966215164205,66.9916050883378,99.00966215164205
A602,27.050206910663803,54.278588336947635,28.050206910663803,55.278588336947635
A603,68.3783959325247,76.59344289347096,69.3783959325247,77.59344289347096
A604,40.81324896988344,73.36484039865437,41.81324896988344,74.36484039865437
A605,44.4543359275797,44.987217774542565,45.4543359275797,45.987217774542565
A606,54.62819682953724,8.868076605331137,55.62819682953724,9.868076605331137
A607,54.05529668619206,30.19304063240917,55.05529668619206,31.19304063240917
A608,50.33051682664055,31.53565530082725,51.33051682664055,32.53565530082725
A609,28.490832444657297,54.740561422755924,29.490832444657297,55.740561422755924
A610,0.8971123737333967,85.9791590039681,1.8971123737333966,86.9791590039681
A611,93.0292848705038,59.050762685047005,94.0292848705038,60.050762685047005
A612,7.540723903191122,64.47650283464239,8.540723903191122,65.47650283464239
A613,80.30249521665236,54.06231448652973,81.30249521665236,55.06231448652973
A614,23.834709729370307,60.625920261186394,24.834709729370307,61.625920261186394
A615,4.072820558665039,65.80441029319005,5.072820558665039,66.80441029319005
A616,87.38913069137229,43.52050900260653,88.38913069137229,44.52050900260653
A617,8.722696538761108,94.87973757270754,9.722696538761108,95.87973757270754
A618,43.38273165517221,21.585333252248454,44.38273165517221,22.585333252248454
A619,98.15730141030869,40.37655890244817,99.15730141030869,41.37655890244817
A620,66.85351825064616,94.62596517622451,67.85351825064616,95.62596517622451
A621,4.907509988936786,63.99086520022315,5.907509988936786,64.99086520022314
A622,28.386860842906454,69.22919042998413,29.386860842906454,70.22919042998413
A623,33.075013256974955,62.47136008264688,34.075013256974955,63.47136008264688
A624,66.60075738374404,2.7208845671873765,67.60075738374404,3.7208845671873765
A625,70.40346326721199,17.28451225133413,71.40346326721199,18.28451225133413
A626,5.720356281281471,81.30783353253081,6.720356281281471,82.30783353253081
A627,68.74761581469234,12.285524907294516,69.74761581469234,13.285524907294516
A628,78.0760810421799,49.33655790707209,79.0760810421799,50.33655790707209
A629,98.97124553091705,77.26111767594381,99.97124553091705,78.26111767594381
A630,24.117681220652134,89.75909801931977,25.117681220652134,90.75909801931977
A631,37.25133655920086,62.64438580602297,38.25133655920086,63.64438580602297
A632,21.437264875073172,47.9407211213079,22.437264875073172,48.9407211213079
A633,75.68703494436797,79.07496571177533,76.68703494436797,80.07496571177533
A634,81.2841125447567,83.31751519316157,82.2841125447567,84.31751519316157
A635,67.52037651097207,87.82242608790405,68.52037651097207,88.82242608790405
A636,51.67091917155069,87.46512001304745,52.67091917155069,88.46512001304745
A637,33.517000764440496,72.73161284016231,34.517000764440496,73.73161284016231
A638,90.18118123165998,10.159704522759222,91.18118123165998,11.159704522759222
A639,39.28651393939488,93.25044991405449,40.28651393939488,94.25044991405449
A640,72.28642531775459,40.49408500733737,73.28642531775459,41.49408500733737
A641,82.68642759259593,39.21307698331076,83.68642759259593,40.21307698331076
A642,11.961632670066086,87.09366190596118,12.961632670066086,88.09366190596118
A643,74.89843875878023,54.28653544969479,75.89843875878023,55.28653544969479
A644,40.35589398923333,76.68207627902835,41.35589398923333,77.68207627902835
A645,26.895564850438184,56.751278751761966,27.895564850438184,57.751278751761966
A646,5.58920479194663,12.290760570709809,6.58920479194663,13.290760570709809
A647,11.900350187122568,31.863253345801322,12.900350187122568,32.863253345801326
A648,73.8267165900581,6.237522051818227,74.8267165900581,7.237522051818227
A649,33.1956692054965,93.89141376411109,34.1956692054965,94.89141376411109
A650,44.51669070958754,15.05158094838394,45.51669070958754,16.05158094838394
A651,94.43110599312534,13.6357598904898,95.43110599312534,14.6357598904898
A652,87.44427582532325,77.0346312106497,88.44427582532325,78.0346312106497
A653,98.60336344908771,58.929580195792504,99.60336344908771,59.929580195792504
A654,78.79474945794075,40.99749548173875,79.79474945794075,41.99749548173875
A655,18.2923864293015,35.786315976116796,19.2923864293015,36.786315976116796
A656,16.414207710073523,41.36653548076671,17.414207710073523,42.36653548076671
A657,58.0435941139566,69.01684194527749,59.0435941139566,70.01684194527749
A658,29.329190696377715,15.090716941242679,30.329190696377715,16.09071694124268
A659,56.82558036662954,64.46342697536849,57.82558036662954,65.46342697536849
A660,56.83554560491566,12.988810347835365,57.83554560491566,13.988810347835365
A661,80.8771450745958,8.249003411637865,81.8771450745958,9.249003411637865
A662,14.459590924663612,51.688892157095886,15.459590924663612,52.688892157095886
A663,3.7344636996169527,77.26088683711468,4.734463699616953,78.26088683711468
A664,31.94443196842088,36.31572706287668,32.94443196842088,37.31572706287668
A665,79.47956650289942,67.3749728267869,80.47956650289942,68.3749728267869
A666,85.58947677486692,79.89461017268134,86.58947677486692,80.89461017268134
A667,57.03617797056399,79.14640095197309,58.03617797056399,80.14640095197309
A668,50.6680841897986,43.68034362610327,51.6680841897986,44.68034362610327
A669,13.05615605446498,31.19399619316232,14.05615605446498,32.19399619316232
A670,74.81686643528349,55.69240081035434,75.81686643528349,56.69240081035434
A671,65.47173212511368,4.6304671111731315,66.47173212511368,5.6304671111731315
A672,45.85762932673518,64.26603246163829,46.85762932673518,65.26603246163829
A673,36.05305861882733,23.20776692651616,37.05305861882733,24.20776692651616
A674,17.010015026327643,77.60903169329879,18.010015026327643,78.60903169329879
A675,86.22585244032766,65.98522706977651,87.22585244032766,66.98522706977651
A676,49.37486987769051,62.51415543601339,50.37486987769051,63.51415543601339
A677,65.79431479783725,60.05274349455243,66.79431479783725,61.05274349455243
A678,95.08535781118353,11.051441523103346,96.08535781118353,12.051441523103346
A679,87.41447621773618,20.045591267187028,88.41447621773618,21.045591267187028
A680,33.902812691109176,19.915036472497093,34.902812691109176,20.915036472497093
A681,71.43236761185688,4.207417966760548,72.43236761185688,5.207417966760548
A682,27.090939651376388,90.66189326252416,28.090939651376388,91.66189326252416
A683,3.7713116988380637,81.81897349594688,4.771311698838064,82.81897349594688
A684,0.598416412205571,13.629924939741851,1.5984164122055708,14.629924939741851
A685,51.5580749468305,31.50835836750096,52.5580749468305,32.50835836750096
A686,15.822495271792796,52.03907521208302,16.822495271792796,53.03907521208302
A687,33.70267558119013,83.51080502101073,34.70267558119013,84.51080502101073
A688,92.71179807239027,33.01992911166525,93.71179807239027,34.01992911166525
A689,61.9666298156484,19.66852986623678,62.9666298156484,20.66852986623678
A690,98.71093735109368,27.04744505822362,99.71093735109368,28.04744505822362
A691,90.89255401362028,28.93667164517763,91.89255401362028,29.93667164517763
A692,2.080379555954976,38.747264863026764,3.080379555954976,39.747264863026764
A693,92.24707190994235,42.079682975818386,93.24707190994235,43.079682975818386
A694,12.767310786426787,5.953294741574633,13.767310786426787,6.953294741574633
A695,95.52337502901685,35.1626019931733,96.52337502901685,36.1626019931733
A696,38.97383598913807,10.70259696991236,39.97383598913807,11.70259696991236
A697,26.39242011515399,1.6575893565723128,27.39242011515399,2.6575893565723128
A698,61.585662351834365,59.620776776566856,62.585662351834365,60.620776776566856
A699,83.59697929074028,60.826375361848896,84.59697929074028,61.826375361848896
A700,17.730634664055483,21.985029639679357,18.730634664055483,22.985029639679357
A701,2.2362698956712626,11.00517898778095,3.2362698956712626,12.00517898778095
A702,64.65016254348058,78.39162438569316,65.65016254348058,79.39162438569316
A703,86.70252011951185,25.08982523914957,87.70252011951185,26.08982523914957
A704,46.59670677253753,49.64193323127253,47.59670677253753,50.64193323127253
A705,25.511599853506862,80.52795912424176,26.511599853506862,81.52795912424176
A706,37.11260531177393,71.6958025542477,38.11260531177393,72.6958025542477
A707,58.03633261056137,97.75680106279837,59.03633261056137,98.75680106279837
A708,93.01740961353154,24.46681186479519,94.01740961353154,25.46681186479519
A709,11.70526760949025,44.4428870750808,12.70526760949025,45.4428870750808
A710,67.11012279925504,1.2660115317665421,68.11012279925504,2.266011531766542
A711,14.090817875428835,96.84500282843965,15.090817875428835,97.84500282843965
A712,32.769645064403655,11.059361793148332,33.769645064403655,12.059361793148332
A713,16.057913252678663,85.77995707411421,17.057913252678663,86.77995707411421
A714,37.27765710844351,42.030095466683534,38.27765710844351,43.030095466683534
A715,10.670986348817733,1.7245902304910754,11.670986348817733,2.724590230491075
A716,39.7372111094658,85.40807438084823,40.7372111094658,86.40807438084823
A717,12.08456173559539,18.150250231596992,13.08456173559539,19.150250231596992
A718,62.07175346259281,28.008895223633047,63.07175346259281,29.008895223633047
A719,48.013843832132146,53.44802442653162,49.013843832132146,54.44802442653162
A720,92.13264858068143,28.440813702989516,93.13264858068143,29.440813702989516
A721,56.495967777996746,91.79413986037446,57.495967777996746,92.79413986037446
A722,6.248732440935546,92.51842627991749,7.248732440935546,93.51842627991749
A723,33.51901184405216,40.9766328238579,34.51901184405216,41.9766328238579
A724,78.36526241528011,40.87131348122746,79.36526241528011,41.87131348122746
A725,87.97844772850719,38.37872749233776,88.97844772850719,39.37872749233776
A726,13.120446339702813,89.73076773850163,14.120446339702813,90.73076773850163
A727,66.00411077096929,26.49980399936157,67.00411077096929,27.49980399936157
A728,44.22574805405265,70.53402337575218,45.22574805405265,71.53402337575218
A729,95.27395169842187,26.600725374057475,96.27395169842187,27.600725374057475
A730,81.37927242112528,78.23579614142669,82.37927242112528,79.23579614142669
A731,50.928772243046154,23.12309480812285,51.928772243046154,24.12309480812285
A732,64.15080580322675,30.62550395736079,65.15080580322675,31.62550395736079
A733,62.78966915253491,93.75765660339366,63.78966915253491,94.75765660339366
A734,31.6407154994138,95.6350265680977,32.6407154994138,96.6350265680977
A735,23.49144113766059,17.48332775302659,24.49144113766059,18.48332775302659
A736,79.85630350535577,12.407314437395321,80.85630350535577,13.407314437395321
A737,7.6466133595355235,97.61807751110082,8.646613359535523,98.61807751110082
A738,0.6390487215873092,7.443033792156536,1.6390487215873093,8.443033792156536
A739,45.359952915389506,52.65854823406203,46.359952915389506,53.65854823406203
A740,44.535899182311375,97.01776583001639,45.535899182311375,98.01776583001639
A741,74.19601818224034,37.091656861110486,75.19601818224034,38.091656861110486
A742,1.9523555852495593,8.251734069619019,2.9523555852495593,9.251734069619019
A743,48.08142950438489,40.08478993190462,49.08142950438489,41.08478993190462
A744,59.49167441422916,55.41963597019733,60.49167441422916,56.41963597019733
A745,67.40689941632863,90.50941476978592,68.40689941632863,91.50941476978592
A746,29.52967182177461,35.052867716687494,30.52967182177461,36.052867716687494
A747,58.641356755120306,46.850975459968836,59.641356755120306,47.850975459968836
A748,41.977421970876996,59.7559933636918,42.977421970876996,60.7559933636918
A749,96.45961890914238,44.49142379473342,97.45961890914238,45.49142379473342
A750,74.02653933201125,32.11451425418531,75.02653933201125,33.11451425418531
A751,46.8936191918865,4.844377216363286,47.8936191918865,5.844377216363286
A752,85.36179634813462,30.044065136044086,86.36179634813462,31.044065136044086
A753,67.46196346780515,40.35374102080714,68.46196346780515,41.35374102080714
A754,36.900672614226075,48.03417309095649,37.900672614226075,49.03417309095649
A755,88.49353596465161,77.48787531286301,89.49353596465161,78.48787531286301
A756,2.957983138901838,59.60269570761012,3.957983138901838,60.60269570761012
A757,54.79795311645608,84.61036417936553,55.79795311645608,85.61036417936553
A758,94.28408312839542,8.986026397469288,95.28408312839542,9.986026397469288
A759,85.36606889119936,72.12831258203887,86.36606889119936,73.12831258203887
A760,42.928679046447606,47.55842000104098,43.928679046447606,48.55842000104098
A761,14.536654692534004,82.08799793795178,15.536654692534004,83.08799793795178
A762,23.78030047345114,12.021253545846827,24.78030047345114,13.021253545846827
A763,69.8498977175312,53.18063419707078,70.8498977175312,54.18063419707078
A764,9.756024826407831,24.683703785349657,10.756024826407831,25.683703785349657
A765,74.4794283843517,14.19392947160271,75.4794283843517,15.19392947160271
A766,28.556257258188744,20.88370307771164,29.556257258188744,21.88370307771164
A767,21.132424250630446,91.51835081211304,22.132424250630446,92.51835081211304
A768,85.67704832059016,58.39920633846633,86.67704832059016,59.39920633846633
A769,2.1564999834467913,67.51562929061862,3.1564999834467913,68.51562929061862
A770,98.64455530339329,85.79124579935893,99.64455530339329,86.79124579935893
A771,53.58376546376424,11.3970555067664,54.58376546376424,12.3970555067664
A772,70.17206964899269,19.68123395312976,71.17206964899269,20.68123395312976
A773,65.51614681067272,87.55602014357041,66.51614681067272,88.55602014357041
A774,93.93642911063557,9.444764327199106,94.93642911063557,10.444764327199106
A775,7.971171779959916,27.216710558614476,8.971171779959917,28.216710558614476
A776,37.10111441341821,39.4079556326942,38.10111441341821,40.4079556326942
A777,18.726844679826428,83.06422718572087,19.726844679826428,84.06422718572087
A778,93.35162367760252,40.90484058970123,94.35162367760252,41.90484058970123
A779,49.24370371023658,3.196326232417011,50.24370371023658,4.196326232417011
A780,81.67500171316395,2.7102621061920584,82.67500171316395,3.7102621061920584
A781,42.204698641940375,48.77317816390566,43.204698641940375,49.77317816390566
A782,44.109205257415525,29.384859233203883,45.109205257415525,30.384859233203883
A783,85.28077729000782,32.30383859265025,86.28077729000782,33.30383859265025
A784,55.55998800064236,86.29253326753324,56.55998800064236,87.29253326753324
A785,39.63198986528943,73.40034713765806,40.63198986528943,74.40034713765806
A786,52.87680428803712,12.175095087756626,53.87680428803712,13.175095087756626
A787,94.03298205799112,4.518816225667491,95.03298205799112,5.518816225667491
A788,59.55966940699814,40.140489865066854,60.55966940699814,41.140489865066854
A789,91.51047796525044,13.103293452613714,92.51047796525044,14.103293452613714
A790,75.58984101655426,62.68121403376025,76.58984101655426,63.68121403376025
A791,22.83590538284402,46.81672228606907,23.83590538284402,47.81672228606907
A792,55.70131151225077,40.220769700405576,56.70131151225077,41.220769700405576
A793,42.50434483158982,21.40542881114312,43.50434483158982,22.40542881114312
A794,2.3706369953772115,95.22415034168955,3.3706369953772115,96.22415034168955
A795,33.06598638978104,86.98497405468906,34.06598638978104,87.98497405468906
A796,29.844464795791463,54.98765503237886,30.844464795791463,55.98765503237886
A797,66.36158592990975,60.81539753482156,67.36158592990975,61.81539753482156
A798,65.71236635469813,3.7264034373427464,66.71236635469813,4.726403437342746
A799,70.48110934709483,72.86532201879461,71.48110934709483,73.86532201879461
A800,45.17240950830172,4.0237922832917965,46.17240950830172,5.0237922832917965
A801,52.79607951846117,7.350484027073414,53.79607951846117,8.350484027073414
A802,1.9545772098732965,93.38087495029899,2.9545772098732965,94.38087495029899
A803,64.28657864375765,26.845529208694067,65.28657864375765,27.845529208694067
A804,45.748399340975304,61.451142184700146,46.748399340975304,62.451142184700146
A805,50.98001688755426,72.26275018354103,51.98001688755426,73.26275018354103
A806,81.75546967027346,2.571157290595364,82.75546967027346,3.571157290595364
A807,64.83340137245924,51.643347568311576,65.83340137245924,52.643347568311576
A808,61.68143642116589,27.532733175303605,62.68143642116589,28.532733175303605
A809,5.187025651961756,1.6910464860505647,6.187025651961756,2.6910464860505647
A810,79.68060591677254,93.3312687481607,80.68060591677254,94.3312687481607
A811,40.91276540079384,33.49035916465706,41.91276540079384,34.49035916465706
A812,76.07394812751623,98.07002892270721,77.07394812751623,99.07002892270721
A813,54.28677247348387,14.294306785442338,55.28677247348387,15.294306785442338
A814,72.51574612521856,0.21762264307743273,73.51574612521856,1.2176226430774326
A815,95.8857318192774,15.541874161526424,96.8857318192774,16.541874161526422
A816,23.371170810157444,91.92499322277162,24.371170810157444,92.92499322277162
A817,11.92094841474178,5.608846523024142,12.92094841474178,6.608846523024142
A818,54.745655944298456,37.732548885120195,55.745655944298456,38.732548885120195
A819,38.58544511547856,50.14528283348011,39.58544511547856,51.14528283348011
A820,47.339563249657566,91.28719907176932,48.339563249657566,92.28719907176932
A821,58.98144855213438,28.703949864178046,59.98144855213438,29.703949864178046
A822,94.69341786814877,75.55496563072532,95.69341786814877,76.55496563072532
A823,87.55191617709929,17.27437372809685,88.55191617709929,18.27437372809685
A824,71.60015319371881,66.63561427748252,72.60015319371881,67.63561427748252
A825,62.020334937149,43.025186023060314,63.020334937149,44.025186023060314
A826,83.17670996889329,51.35425816600249,84.17670996889329,52.35425816600249
A827,23.93817323219342,33.60388856411656,24.93817323219342,34.60388856411656
A828,51.94704990849759,0.893582695598638,52.94704990849759,1.8935826955986381
A829,81.65894469897962,33.68282324895748,82.65894469897962,34.68282324895748
A830,76.3749766892194,82.40254208133737,77.3749766892194,83.40254208133737
A831,18.946403055746163,0.3368902560129746,19.946403055746163,1.3368902560129747
A832,42.90631993359311,97.79863299885638,43.90631993359311,98.79863299885638
A833,26.7890741009215,91.50272578630576,27.7890741009215,92.50272578630576
A834,84.65340306414117,38.63540093806092,85.65340306414117,39.63540093806092
A835,15.091660391721176,68.14554743801038,16.091660391721177,69.14554743801038
A836,27.50950313877902,57.01341578943464,28.50950313877902,58.01341578943464
A837,39.11647643645598,24.331395403574795,40.11647643645598,25.331395403574795
A838,91.07493503396682,27.932041933777747,92.07493503396682,28.932041933777747
A839,96.53377875158644,9.283365705046123,97.53377875158644,10.283365705046123
A840,37.97480231732409,83.5737440855505,38.97480231732409,84.5737440855505
A841,82.4965908175665,54.44075686551058,83.4965908175665,55.44075686551058
A842,59.1307529219181,37.6634828089058,60.1307529219181,38.6634828089058
A843,65.11763928201452,79.21933375503228,66.11763928201452,80.21933375503228
A844,29.642780332048343,0.4058534209021605,30.642780332048343,1.4058534209021605
A845,85.84096595704989,68.85890893508606,86.84096595704989,69.85890893508606
A846,12.252870622336316,4.465410209998588,13.252870622336316,5.465410209998588
A847,70.49979254750905,21.185339898044692,71.49979254750905,22.185339898044692
A848,91.76807625260766,88.10569925043363,92.76807625260766,89.10569925043363
A849,34.39400260680039,24.6369630842989,35.39400260680039,25.6369630842989
A850,98.28361531133937,5.3508850569874555,99.28361531133937,6.3508850569874555
A851,44.82441842374919,16.636492342892318,45.82441842374919,17.636492342892318
A852,67.41912872921434,94.03100575154117,68.41912872921434,95.03100575154117
A853,79.6516728150438,98.85025792737213,80.6516728150438,99.85025792737213
A854,28.5776071048651,15.271254921054382,29.5776071048651,16.271254921054382
A855,92.14002251297943,84.74662797939538,93.14002251297943,85.74662797939538
A856,89.23039716523151,65.40876358752591,90.23039716523151,66.40876358752591
A857,27.3964127186288,26.61762245276855,28.3964127186288,27.61762245276855
A858,52.13844176558563,45.63430175497255,53.13844176558563,46.63430175497255
A859,93.04492030365924,51.53753614414335,94.04492030365924,52.53753614414335
A860,80.59908003148965,59.25770090293004,81.59908003148965,60.25770090293004
A861,59.92164822767582,52.46567709094403,60.92164822767582,53.46567709094403
A862,29.008200822433793,68.52886273215968,30.008200822433793,69.52886273215968
A863,93.06267368837203,55.58521102836645,94.06267368837203,56.58521102836645
A864,93.95512417802672,11.458972145533947,94.95512417802672,12.458972145533947
A865,42.422415810818606,74.13957816920602,43.422415810818606,75.13957816920602
A866,34.775472954220035,15.87897849241983,35.775472954220035,16.87897849241983
A867,13.240054947041303,65.59732798931113,14.240054947041303,66.59732798931113
A868,53.232771339841186,76.21863097196092,54.232771339841186,77.21863097196092
A869,77.69558320612987,62.007510919341414,78.69558320612987,63.007510919341414
A870,47.02868473850846,49.34055965693728,48.02868473850846,50.34055965693728
A871,52.19988576525056,35.31956662749713,53.19988576525056,36.31956662749713
A872,51.31397884954115,25.16446971554727,52.31397884954115,26.16446971554727
A873,2.5960709031865816,28.462377030019773,3.5960709031865816,29.462377030019773
A874,46.275067978791625,33.98346251248162,47.275067978791625,34.98346251248162
A875,18.38790249471026,36.63297948279804,19.38790249471026,37.63297948279804
A876,64.14738209538257,90.70394064175164,65.14738209538257,91.70394064175164
A877,36.88693880947816,62.50339542936087,37.88693880947816,63.50339542936087
A878,57.72468697205657,26.575030731128674,58.72468697205657,27.575030731128674
A879,51.64735394435658,0.18305822774979064,52.64735394435658,1.1830582277497905
A880,93.40862906136563,30.818331470823402,94.40862906136563,31.818331470823402
A881,2.0168836498461737,54.28609613738721,3.0168836498461737,55.28609613738721
A882,40.37611552752909,26.01085142472191,41.37611552752909,27.01085142472191
A883,61.7417937234403,4.387751698746369,62.7417937234403,5.387751698746369
A884,60.37987574214356,77.25158003556548,61.37987574214356,78.25158003556548
A885,60.28600906467749,34.88115402165854,61.28600906467749,35.88115402165854
A886,41.08527635052005,74.32101018246276,42.08527635052005,75.32101018246276
A887,76.70092026003644,8.387374017096446,77.70092026003644,9.387374017096446
A888,8.390083063764461,8.660328277587096,9.390083063764461,9.660328277587096
A889,37.987836866050976,93.87604237157582,38.987836866050976,94.87604237157582
A890,58.88837603731314,63.546831763427946,59.88837603731314,64.54683176342795
A891,44.493309555001204,19.858434806013765,45.493309555001204,20.858434806013765
A892,61.16073262630073,85.47037732470473,62.16073262630073,86.47037732470473
A893,41.05717190301078,80.73124526862779,42.05717190301078,81.73124526862779
A894,53.23334380347008,26.44374622975625,54.23334380347008,27.44374622975625
A895,46.35542848255649,74.25998146719856,47.35542848255649,75.25998146719856
A896,21.010181185615632,44.60768491113487,22.010181185615632,45.60768491113487
A897,44.59372352120274,24.712545889080193,45.59372352120274,25.712545889080193
A898,12.971592027628665,67.5942449347418,13.971592027628665,68.5942449347418
A899,96.87253183801816,21.34804380606895,97.87253183801816,22.34804380606895
A900,41.25860607773678,72.39814614284018,42.25860607773678,73.39814614284018
A901,43.31005546985257,54.8611519144219,44.31005546985257,55.8611519144219
A902,16.285042618306186,7.84711769202068,17.285042618306186,8.84711769202068
A903,14.76135760523722,80.2334949011306,15.76135760523722,81.2334949011306
A904,31.178976182720884,14.490315819837388,32.17897618272089,15.490315819837388
A905,90.20436241865156,78.0806467987435,91.20436241865156,79.0806467987435
A906,84.92590153649746,95.97874007221355,85.92590153649746,96.97874007221355
A907,49.87379358755438,97.60267842286466,50.87379358755438,98.60267842286466
A908,29.998158652998317,25.705503801875142,30.998158652998317,26.705503801875142
A909,64.06367673376936,13.68100775233943,65.06367673376936,14.68100775233943
A910,21.07951394239385,7.581404810820007,22.07951394239385,8.581404810820008
A911,26.266546457757627,32.373153267211876,27.266546457757627,33.373153267211876
A912,93.52430958209584,86.3497987277942,94.52430958209584,87.3497987277942
A913,78.64177347946436,5.3049398249121085,79.64177347946436,6.3049398249121085
A914,29.45398520088969,34.74997188053723,30.45398520088969,35.74997188053723
A915,83.56485437243607,23.928760390166993,84.56485437243607,24.928760390166993
A916,28.71077190155688,42.43097843124221,29.71077190155688,43.43097843124221
A917,76.70535154331817,31.954876847851303,77.70535154331817,32.9548768478513
A918,65.18094154518117,38.364427029201224,66.18094154518117,39.364427029201224
A919,74.00143873630849,60.12429348693957,75.00143873630849,61.12429348693957
A920,83.84936987433457,93.3553798916055,84.84936987433457,94.3553798916055
A921,83.02268335066947,75.86243877922507,84.02268335066947,76.86243877922507
A922,9.174155075998188,71.06618083200568,10.174155075998188,72.06618083200568
A923,73.7258238115881,44.94613296178549,74.7258238115881,45.94613296178549
A924,7.371560192674706,19.706982823253146,8.371560192674707,20.706982823253146
A925,15.57744419795353,1.1794537489498496,16.577444197953533,2.1794537489498493
A926,28.255406184603775,4.317886391374229,29.255406184603775,5.317886391374229
A927,79.70252897242746,63.779248187038384,80.70252897242746,64.77924818703838
A928,68.30921307582514,96.34456761207345,69.30921307582514,97.34456761207345
A929,30.75264685513373,38.23982187155126,31.75264685513373,39.23982187155126
A930,51.36663036370623,25.701164893926713,52.36663036370623,26.701164893926713
A931,42.22628043783249,24.57344488447514,43.22628043783249,25.57344488447514
A932,72.58239291252436,19.44276400359454,73.58239291252436,20.44276400359454
A933,67.7431636370836,76.51785358309223,68.7431636370836,77.51785358309223
A934,71.47099655619076,12.188541590029319,72.47099655619076,13.188541590029319
A935,69.15195427153284,15.035993556136209,70.15195427153284,16.03599355613621
A936,63.116433382341306,63.896052188568696,64.11643338234131,64.89605218856869
A937,74.3566265679319,98.03804250240498,75.3566265679319,99.03804250240498
A938,4.01342865282084,2.120480601535823,5.01342865282084,3.120480601535823
A939,55.85835425879864,70.35932483793358,56.85835425879864,71.35932483793358
A940,48.58216444025509,52.50505931809995,49.58216444025509,53.50505931809995
A941,31.3432113367781,57.11069352798618,32.3432113367781,58.11069352798618
A942,28.24098438016544,65.5533269578134,29.24098438016544,66.5533269578134
A943,31.43203437514773,17.686067936559375,32.43203437514773,18.686067936559375
A944,31.48512639208712,2.9750462751334608,32.485126392087125,3.9750462751334608
A945,57.358863726708925,96.43715517779218,58.358863726708925,97.43715517779218
A946,48.982931712245815,51.65486674589579,49.982931712245815,52.65486674589579
A947,30.523034894096327,92.49730403752733,31.523034894096327,93.49730403752733
A948,83.36267543740446,70.68320295923148,84.36267543740446,71.68320295923148
A949,35.33182057274666,42.16548052926653,36.33182057274666,43.16548052926653
A950,41.810039756661105,48.58946298381014,42.810039756661105,49.58946298381014
A951,65.77832882281366,47.900202937330214,66.77832882281366,48.900202937330214
A952,84.56421385039769,96.70958392522701,85.56421385039769,97.70958392522701
A953,72.49440727064336,2.63880083802828,73.49440727064336,3.63880083802828
A954,32.70203809036795,64.62814808102469,33.70203809036795,65.62814808102469
A955,20.397498309253454,7.1252641754198525,21.397498309253454,8.125264175419852
A956,68.49899096482606,63.121317823567736,69.49899096482606,64.12131782356774
A957,3.5245580261681355,62.59587585690286,4.524558026168135,63.59587585690286
A958,21.780495111424756,21.730243975551957,22.780495111424756,22.730243975551957
A959,32.12069039038964,51.89119416147861,33.12069039038964,52.89119416147861
A960,23.97700448522862,82.61620523491912,24.97700448522862,83.61620523491912
A961,74.11690165122404,84.66778869464353,75.11690165122404,85.66778869464353
A962,96.65673867771935,66.48821146955791,97.65673867771935,67.48821146955791
A963,3.891130041483125,8.5583466045653,4.891130041483125,9.5583466045653
A964,18.811691827975462,96.94468026416911,19.811691827975462,97.94468026416911
A965,42.83872947395288,27.11955068865021,43.83872947395288,28.11955068865021
A966,34.01875965678503,24.386919841797233,35.01875965678503,25.386919841797233
A967,66.7915210208724,32.25388686270744,67.7915210208724,33.25388686270744
A968,83.90101111608968,39.52916784505519,84.90101111608968,40.52916784505519
A969,42.9145354173788,6.7630606115044145,43.9145354173788,7.7630606115044145
A970,7.884101417860378,60.47561103832923,8.884101417860379,61.47561103832923
A971,5.649017348051478,85.62041050272693,6.649017348051478,86.62041050272693
A972,90.31859833902358,94.44895619494991,91.31859833902358,95.44895619494991
A973,18.708826881858236,37.83822572375561,19.708826881858236,38.83822572375561
A974,79.893950435761,7.98929483498293,80.893950435761,8.98929483498293
A975,73.41454919560002,66.66228210799149,74.41454919560002,67.66228210799149
A976,59.99010248832318,95.28498461231756,60.99010248832318,96.28498461231756
A977,71.16935898083389,0.3752213079187394,72.16935898083389,1.3752213079187394
A978,4.323979889910092,51.09954854627027,5.323979889910092,52.09954854627027
A979,68.51265943084518,79.62673894545759,69.51265943084518,80.62673894545759
A980,6.342617763320721,93.69274103307308,7.342617763320721,94.69274103307308
A981,62.00329426714922,96.60496509467967,63.00329426714922,97.60496509467967
A982,67.10961682798472,54.5654923270877,68.10961682798472,55.5654923270877
A983,11.317597483820071,66.8107267988092,12.317597483820071,67.8107267988092
A984,16.15354069906869,19.905004264568248,17.15354069906869,20.905004264568248
A985,20.037036079248512,41.85246165153891,21.037036079248512,42.85246165153891
A986,15.530123136967324,62.4487226050995,16.530123136967326,63.4487226050995
A987,86.85657177777934,81.23562983051109,87.85657177777934,82.23562983051109
A988,33.62269126956454,11.778844175540097,34.62269126956454,12.778844175540097
A989,31.685536612849226,39.24116935111025,32.685536612849226,40.24116935111025
A990,3.495465808329744,34.98484866127387,4.495465808329744,35.98484866127387
A991,34.802399007333825,88.04985896401588,35.802399007333825,89.04985896401588
A992,4.1405912757269805,59.84916729926822,5.1405912757269805,60.84916729926822
A993,31.304162604384935,16.916563218675485,32.304162604384935,17.916563218675485
A994,60.39268507471733,67.97703085762191,61.39268507471733,68.97703085762191
A995,17.98591887569402,87.32722787254319,18.98591887569402,88.32722787254319
A996,94.83172816727942,94.97458162998308,95.83172816727942,95.97458162998308
A997,48.04168657391559,29.33887007448346,49.04168657391559,30.33887007448346
A998,93.94409735670217,31.256588070328856,94.94409735670217,32.25658807032886
A999,60.80722312843794,49.070387506886306,61.80722312843794,50.070387506886306
A1000,93.07338806402144,63.347261645922075,94.07338806402144,64.34726164592207
