ID,xmin,ymin,xmax,ymax
B1,13.055238452918243,12.678585068691804,14.055238452918243,13.678585068691804
B2,54.994439764525254,1.468207940572245,55.994439764525254,2.468207940572245
B3,45.21987151112737,94.6862424814939,46.21987151112737,95.6862424814939
B4,51.11411989324517,73.09234125391353,52.11411989324517,74.09234125391353
B5,80.27538577025655,24.212156096978372,81.27538577025655,25.212156096978372
B6,25.668378239942335,67.65931806982091,26.668378239942335,68.65931806982091
B7,18.296903395875603,54.41103877421641,19.296903395875603,55.41103877421641
B8,61.944381066963224,20.009812869717457,62.944381066963224,21.009812869717457
B9,60.94841865641324,19.57580755074954,61.94841865641324,20.57580755074954
B10,53.66126678110196,15.075680608462598,54.66126678110196,16.075680608462598
B11,85.22457174433391,74.12240591077791,86.22457174433391,75.12240591077791
B12,48.95845053175462,93.20890333760498,49.95845053175462,94.20890333760498
B13,14.927434703395171,48.679121557638375,15.927434703395171,49.679121557638375
B14,12.773104806389657,2.313333499355914,13.773104806389657,3.313333499355914
B15,98.4007704580351,98.52816838615469,99.4007704580351,99.52816838615469
B16,34.55890413581557,18.25831172526828,35.55890413581557,19.25831172526828
B17,31.287788807011918,70.6646978091519,32.28778880701192,71.6646978091519
B18,46.78099339235693,58.2372010917829,47.78099339235693,59.2372010917829
B19,20.64929160894483,28.34294763144668,21.64929160894483,29.34294763144668
B20,83.77121878121862,56.256721136621245,84.77121878121862,57.256721136621245
B21,87.37172295332506,90.5910158657479,88.37172295332506,91.5910158657479
B22,31.01956517177909,27.052667746258265,32.01956517177909,28.052667746258265
B23,53.038173592814495,32.39535521062481,54.038173592814495,33.39535521062481
B24,98.91593150538858,62.64743861578435,99.91593150538858,63.64743861578435
B25,57.40739697996811,59.82091799261462,58.40739697996811,60.82091799261462
B26,3.622081983524889,50.964823021698656,4.62208198352489,51.964823021698656
B27,94.37311715653297,13.925988334318475,95.37311715653297,14.925988334318475
B28,56.37177163343788,78.49009242970757,57.37177163343788,79.49009242970757
B29,52.37199072218134,35.887421803766685,53.37199072218134,36.887421803766685
B30,73.80260693221476,6.086771725563497,74.80260693221476,7.086771725563497
B31,64.15788612997783,75.81843481268812,65.15788612997783,76.81843481268812
B32,49.41687636535751,45.14956300879681,50.41687636535751,46.14956300879681
B33,89.78329177192579,62.41722609639753,90.78329177192579,63.41722609639753
B34,69.74978223539672,27.972161577105812,70.74978223539672,28.972161577105812
B35,19.763674551846876,25.79650309810515,20.763674551846876,26.79650309810515
B36,80.57474941678403,94.56614727393256,81.57474941678403,95.56614727393256
B37,10.958808066812837,48.21273723023483,11.958808066812837,49.21273723023483
B38,19.104377671824032,93.06253142128779,20.104377671824032,94.06253142128779
B39,28.80038029274783,19.80834792221028,29.80038029274783,20.80834792221028
B40,50.331530867866775,62.05912733851417,51.331530867866775,63.05912733851417
B41,82.71340290934154,78.59123804635317,83.71340290934154,79.59123804635317
B42,86.941168798157,48.01215244697547,87.941168798157,49.01215244697547
B43,10.442112430993081,46.08322782551384,11.442112430993081,47.08322782551384
B44,36.36815510461485,15.20321128740392,37.36815510461485,16.20321128740392
B45,61.093363105932,35.85091037909361,62.093363105932,36.85091037909361
B46,5.287916494876834,70.73691507132963,6.287916494876834,71.73691507132963
B47,77.53708287127296,14.8036437739725,78.53708287127296,15.8036437739725
B48,18.161904557638117,73.1960046461146,19.161904557638117,74.1960046461146
B49,23.44950302190868,28.877669681660727,24.44950302190868,29.877669681660727
B50,84.6142270996408,43.644009709492856,85.6142270996408,44.644009709492856
B51,10.05529507930253,94.21512966544765,11.05529507930253,95.21512966544765
B52,42.43072277437493,88.81429878949506,43.43072277437493,89.81429878949506
B53,60.53175088328567,82.60751900728228,61.53175088328567,83.60751900728228
B54,40.699453027027374,65.84115774009958,41.699453027027374,66.84115774009958
B55,39.776602442527405,24.122335090575426,40.776602442527405,25.122335090575426
B56,3.8422591032251274,72.04212522712575,4.842259103225127,73.04212522712575
B57,45.230655550806894,62.468888615882726,46.230655550806894,63.468888615882726
B58,67.0501010399194,80.62733643830639,68.0501010399194,81.62733643830639
B59,36.06313851503496,21.528201016071055,37.06313851503496,22.528201016071055
B60,79.62855061139533,12.122308130883642,80.62855061139533,13.122308130883642
B61,74.51035213670816,25.341928071939357,75.51035213670816,26.341928071939357
B62,15.276403193991591,30.985632551603885,16.27640319399159,31.985632551603885
B63,33.012780327751685,86.27864603678348,34.012780327751685,87.27864603678348
B64,48.116835739061486,49.57727047965877,49.116835739061486,50.57727047965877
B65,36.03429774747412,50.10878503930135,37.03429774747412,51.10878503930135
B66,18.37905630371872,57.71537255517887,19.37905630371872,58.71537255517887
B67,76.27066686700489,85.08076140437892,77.27066686700489,86.08076140437892
B68,63.35766329095244,0.6226577663662035,64.35766329095244,1.6226577663662036
B69,55.009180777337484,92.68247836911564,56.009180777337484,93.68247836911564
B70,48.58886710348333,86.77553566104272,49.58886710348333,87.77553566104272
B71,81.36676249395477,84.37640027558739,82.36676249395477,85.37640027558739
B72,8.894293253687458,72.24038538330107,9.894293253687458,73.24038538330107
B73,66.74086452701627,93.40345504815909,67.74086452701627,94.40345504815909
B74,75.8688830001905,83.65394990462859,76.8688830001905,84.65394990462859
B75,95.53265866024351,57.73305747366804,96.53265866024351,58.73305747366804
B76,29.077386889847002,29.305902319622103,30.077386889847002,30.305902319622103
B77,71.64383536208967,8.675534518122955,72.64383536208967,9.675534518122955
B78,21.43064317969621,87.78766652268058,22.43064317969621,88.78766652268058
B79,4.551143306560547,64.80108690834236,5.551143306560547,65.80108690834236
B80,22.30414502384618,33.08514935535091,23.30414502384618,34.08514935535091
B81,12.290918758092676,29.10745693868805,13.290918758092676,30.10745693868805
B82,61.49911743694845,46.543418010178705,62.49911743694845,47.543418010178705
B83,80.47991830418538,25.86124956065218,81.47991830418538,26.86124956065218
B84,20.742645224780496,79.76098022554375,21.742645224780496,80.76098022554375
B85,65.8157502284643,89.75238365204387,66.8157502284643,90.75238365204387
B86,72.52795304388746,69.24538820251848,73.52795304388746,70.24538820251848
B87,19.51345570256157,50.237140076230816,20.51345570256157,51.237140076230816
B88,16.82616749517412,10.356038488723456,17.82616749517412,11.356038488723456
B89,21.915438284774318,73.26630095847662,22.915438284774318,74.26630095847662
B90,91.96380274605775,65.97891202399805,92.96380274605775,66.97891202399805
B91,8.100769691581476,88.83178740777875,9.100769691581476,89.83178740777875
B92,61.137244799889075,79.86354224988386,62.137244799889075,80.86354224988386
B93,85.02629726792567,94.6895479609356,86.02629726792567,95.6895479609356
B94,86.78463848476608,26.53333252447013,87.78463848476608,27.53333252447013
B95,38.98678750898052,22.966329717714334,39.98678750898052,23.966329717714334
B96,57.23964758119927,36.641171751802304,58.23964758119927,37.641171751802304
B97,84.97906618493381,48.68623077959141,85.97906618493381,49.68623077959141
B98,88.83275559982062,58.92223691707316,89.83275559982062,59.92223691707316
B99,72.9373442038287,87.975978604988,73.9373442038287,88.975978604988
B100,22.61801151387076,74.78667280569245,23.61801151387076,75.78667280569245
B101,51.54971348320782,1.4403319372728216,52.54971348320782,2.4403319372728216
B102,59.998916817917575,39.768218973415536,60.998916817917575,40.768218973415536
B103,62.27839362804673,36.700039098688826,63.27839362804673,37.700039098688826
B104,47.7274267144486,50.449930849629794,48.7274267144486,51.449930849629794
B105,29.97630789655107,91.49995704432236,30.97630789655107,92.49995704432236
B106,30.824973492028118,62.92388072507187,31.824973492028118,63.92388072507187
B107,31.80222266470356,78.99090356249421,32.802222664703564,79.99090356249421
B108,71.09627258720876,8.314466544817844,72.09627258720876,9.314466544817844
B109,13.658058103921618,35.998953299717996,14.658058103921618,36.998953299717996
B110,80.52996084875767,75.84348715247162,81.52996084875767,76.84348715247162
B111,40.76056027923837,43.68523589050225,41.76056027923837,44.68523589050225
B112,65.134370684689,86.695779324429,66.134370684689,87.695779324429
B113,77.60558784076964,90.58714071641427,78.60558784076964,91.58714071641427
B114,36.17894487931311,2.1697851794681076,37.17894487931311,3.1697851794681076
B115,37.575116698171065,64.99111333122316,38.575116698171065,65.99111333122316
B116,60.21151560264493,55.89964271365224,61.21151560264493,56.89964271365224
B117,50.71325339106109,92.41274120007586,51.71325339106109,93.41274120007586
B118,33.58044425362305,89.52376841810414,34.58044425362305,90.52376841810414
B119,79.83880636037523,83.52733930614582,80.83880636037523,84.52733930614582
B120,5.262155048075266,69.27200694244364,6.262155048075266,70.27200694244364
B121,90.48021663117957,2.4172669271657017,91.48021663117957,3.4172669271657017
B122,62.317601855127734,57.03134963458685,63.317601855127734,58.03134963458685
B123,93.19809062931735,82.16554864828689,94.19809062931735,83.16554864828689
B124,16.0761278743723,23.211629758122854,17.0761278743723,24.211629758122854
B125,73.57246836806193,90.26984495605998,74.57246836806193,91.26984495605998
B126,12.929889443379324,90.58546988692471,13.929889443379324,91.58546988692471
B127,67.81396134006258,40.89777693078054,68.81396134006258,41.89777693078054
B128,52.96919997313536,5.882293901719721,53.96919997313536,6.882293901719721
B129,79.72117590066738,51.602115627832404,80.72117590066738,52.602115627832404
B130,29.263187799241436,62.83688029854512,30.263187799241436,63.83688029854512
B131,64.56369433463786,30.262938098002856,65.56369433463786,31.262938098002856
B132,73.42570941705293,85.31862846839955,74.42570941705293,86.31862846839955
B133,37.80134416911892,85.03887627110348,38.80134416911892,86.03887627110348
B134,33.635851931877454,55.17117555561288,34.635851931877454,56.17117555561288
B135,28.746740521877285,46.922801275647544,29.746740521877285,47.922801275647544
B136,91.84078038124773,47.12347267228257,92.84078038124773,48.12347267228257
B137,45.00396717009854,96.79796426164778,46.00396717009854,97.79796426164778
B138,63.39897332139335,35.81880703930678,64.39897332139336,36.81880703930678
B139,4.186833766793621,42.291463056536834,5.186833766793621,43.291463056536834
B140,12.528247093295562,13.836637077140269,13.528247093295562,14.836637077140269
B141,10.614967679556717,49.333271106653115,11.614967679556717,50.333271106653115
B142,90.13673272460895,47.958816097596575,91.13673272460895,48.958816097596575
B143,73.54004855597208,35.34240123207875,74.54004855597208,36.34240123207875
B144,19.575670565963865,81.26471019872312,20.575670565963865,82.26471019872312
B145,24.46315251888997,16.58676755133812,25.46315251888997,17.58676755133812
B146,72.58051024012545,63.95473683943169,73.58051024012545,64.95473683943169
B147,71.56047275721741,46.09881942744576,72.56047275721741,47.09881942744576
B148,78.68830541640548,93.26725599894743,79.68830541640548,94.26725599894743
B149,64.78792742717754,1.0235036498451215,65.78792742717754,2.0235036498451215
B150,65.48451713012844,76.46590713103093,66.48451713012844,77.46590713103093
B151,45.8737634046381,48.11824762897988,46.8737634046381,49.11824762897988
B152,78.67537170879004,15.339753133208005,79.67537170879004,16.339753133208006
B153,54.87661594781186,33.516999412318086,55.87661594781186,34.516999412318086
B154,76.72999702555617,34.9222539080641,77.72999702555617,35.9222539080641
B155,65.00566624623104,36.709766631554324,66.00566624623104,37.709766631554324
B156,49.96756550549306,58.72708812025755,50.96756550549306,59.72708812025755
B157,96.7024176686177,14.536963016375983,97.7024176686177,15.536963016375983
B158,67.35970096390967,26.46750048257448,68.35970096390967,27.46750048257448
B159,68.5778395084619,33.74122380048133,69.5778395084619,34.74122380048133
B160,4.70447436167582,33.45233046169596,5.70447436167582,34.45233046169596
B161,62.397362451727346,68.096222409113,63.397362451727346,69.096222409113
B162,32.28554289826406,1.9424964688815443,33.28554289826406,2.9424964688815445
B163,43.62252340382731,0.7407604448439764,44.62252340382731,1.7407604448439764
B164,6.201171906301153,94.29514709517933,7.201171906301153,95.29514709517933
B165,16.247175546362445,91.41037011698133,17.247175546362445,92.41037011698133
B166,55.354918143380694,95.73542943756405,56.354918143380694,96.73542943756405
B167,35.449859709805914,82.68752069700946,36.449859709805914,83.68752069700946
B168,60.94682816658933,54.11123236018978,61.94682816658933,55.11123236018978
B169,87.14919058644105,96.83404099118344,88.14919058644105,97.83404099118344
B170,19.09972413258254,90.18491547415115,20.09972413258254,91.18491547415115
B171,86.9714038008786,14.53257674774319,87.9714038008786,15.53257674774319
B172,63.304286204273595,47.519415453245074,64.3042862042736,48.519415453245074
B173,2.6136261251325372,26.517388112082564,3.6136261251325372,27.517388112082564
B174,17.891593048794647,89.50150234824889,18.891593048794647,90.50150234824889
B175,60.81071902277406,62.10729651838164,61.81071902277406,63.10729651838164
B176,49.86406748384691,34.4125179209691,50.86406748384691,35.4125179209691
B177,14.098816938650021,66.81968968803625,15.098816938650021,67.81968968803625
B178,12.02702459461607,80.84271207131745,13.02702459461607,81.84271207131745
B179,90.86274678970321,5.478447405379169,91.86274678970321,6.478447405379169
B180,80.76783653267691,98.86633959295901,81.76783653267691,99.86633959295901
B181,5.583903424404281,18.204488179887175,6.583903424404281,19.204488179887175
B182,68.41486212066522,59.24639435964581,69.41486212066522,60.24639435964581
B183,1.4428754358070854,36.65093652395465,2.4428754358070854,37.65093652395465
B184,49.49594928701126,69.90110264624641,50.49594928701126,70.90110264624641
B185,15.262362564669179,41.61232479023934,16.26236256466918,42.61232479023934
B186,9.117804977453414,91.75298473266956,10.117804977453414,92.75298473266956
B187,24.679383995525548,43.83005703361467,25.679383995525548,44.83005703361467
B188,6.426710427294142,39.56016498617722,7.426710427294142,40.56016498617722
B189,98.97380798865075,12.629955931652939,99.97380798865075,13.629955931652939
B190,2.400336939874092,75.05576888456116,3.400336939874092,76.05576888456116
B191,2.5729898190664793,55.76816626594291,3.5729898190664793,56.76816626594291
B192,67.08577996336231,28.67775345466953,68.08577996336231,29.67775345466953
B193,8.493791688482103,8.183734179260973,9.493791688482103,9.183734179260973
B194,28.744155791480594,62.825607535094306,29.744155791480594,63.825607535094306
B195,10.356033032412922,45.810092277829284,11.356033032412922,46.810092277829284
B196,71.49054600918248,17.909140190029703,72.49054600918248,18.909140190029703
B197,34.476438363946016,49.06996071156765,35.476438363946016,50.06996071156765
B198,21.660863009645713,93.34756992324571,22.660863009645713,94.34756992324571
B199,70.64494933875278,6.466943867731823,71.64494933875278,7.466943867731823
B200,68.88645997193368,48.75795914729832,69.88645997193368,49.75795914729832
B201,26.006185666932183,93.4330858763566,27.006185666932183,94.4330858763566
B202,48.29052940964392,60.79385318240494,49.29052940964392,61.79385318240494
B203,13.964338537110638,52.340624739781745,14.964338537110638,53.340624739781745
B204,50.091032097224875,69.76559264169126,51.091032097224875,70.76559264169126
B205,65.0674658576248,93.54642446035082,66.0674658576248,94.54642446035082
B206,98.76515963242457,93.18625175252633,99.76515963242457,94.18625175252633
B207,58.19129546643291,40.81929247504843,59.19129546643291,41.81929247504843
B208,28.51831358385979,41.856206707794854,29.51831358385979,42.856206707794854
B209,47.17059274518066,82.17067722942843,48.17059274518066,83.17067722942843
B210,30.910199257121235,74.01062301599254,31.910199257121235,75.01062301599254
B211,6.640524534963878,68.65221570860605,7.640524534963878,69.65221570860605
B212,27.681698640023278,2.5475838040607024,28.681698640023278,3.5475838040607024
B213,18.37077367298314,56.79599001676898,19.37077367298314,57.79599001676898
B214,78.09937391543646,37.59226514879093,79.09937391543646,38.59226514879093
B215,79.77454416941112,58.48926809055569,80.77454416941112,59.48926809055569
B216,17.787707256123024,84.16424809612164,18.787707256123024,85.16424809612164
B217,87.6226420131447,64.57481114170831,88.6226420131447,65.57481114170831
B218,76.00301532291695,78.84568530676866,77.00301532291695,79.84568530676866
B219,4.268119834010804,28.030082656360396,5.268119834010804,29.030082656360396
B220,51.753283599713605,92.40385737153726,52.753283599713605,93.40385737153726
B221,9.499475460654043,79.49532700916872,10.499475460654043,80.49532700916872
B222,65.58215561750504,79.23816591845643,66.58215561750504,80.23816591845643
B223,16.523166635242,58.02555790721092,17.523166635242,59.02555790721092
B224,72.61360699603009,36.80388990189652,73.61360699603009,37.80388990189652
B225,82.73576164743295,55.64035528414181,83.73576164743295,56.64035528414181
B226,74.88368412263597,32.71611487018064,75.88368412263597,33.71611487018064
B227,72.7062982670288,47.78261130291803,73.7062982670288,48.78261130291803
B228,67.1858252155216,53.503147517552236,68.1858252155216,54.503147517552236
B229,58.98596124414211,67.82345350241144,59.98596124414211,68.82345350241144
B230,26.770196751427758,67.44486381248971,27.770196751427758,68.44486381248971
B231,61.62397973806598,59.51106150917277,62.62397973806598,60.51106150917277
B232,7.057648645742932,87.22458754107367,8.057648645742933,88.22458754107367
B233,26.869113177083456,94.90111670315969,27.869113177083456,95.90111670315969
B234,49.96472706467166,9.076025670803222,50.96472706467166,10.076025670803222
B235,61.9095191976602,4.285181314591534,62.9095191976602,5.285181314591534
B236,97.19850497933865,34.119396847009156,98.19850497933865,35.119396847009156
B237,93.95832058799077,8.564407986799674,94.95832058799077,9.564407986799674
B238,12.663137882427954,84.52740594812897,13.663137882427954,85.52740594812897
B239,80.23262953058625,24.17197865813498,81.23262953058625,25.17197865813498
B240,28.674553145515997,73.02725077173983,29.674553145515997,74.02725077173983
B241,50.04346815603456,69.67121993052756,51.04346815603456,70.67121993052756
B242,86.5198330874487,82.19281872290375,87.5198330874487,83.19281872290375
B243,26.385150767993505,50.7090555028616,27.385150767993505,51.7090555028616
B244,2.3255526361284327,53.82669755438458,3.3255526361284327,54.82669755438458
B245,8.533359031452912,38.47540167299647,9.533359031452912,39.47540167299647
B246,28.01390532955247,10.134199333181405,29.01390532955247,11.134199333181405
B247,98.07281977706215,83.99214029435635,99.07281977706215,84.99214029435635
B248,70.33607836224229,1.6143587590748418,71.33607836224229,2.614358759074842
B249,75.35430231141416,7.747448622187704,76.35430231141416,8.747448622187704
B250,25.691748740414816,60.29414191416638,26.691748740414816,61.29414191416638
B251,14.416900970744516,32.388646408082415,15.416900970744516,33.388646408082415
B252,10.278349448061919,2.9587405558465076,11.278349448061919,3.9587405558465076
B253,31.324306424409418,13.89133637598357,32.324306424409414,14.89133637598357
B254,65.16758531792068,17.052189126366883,66.16758531792068,18.052189126366883
B255,39.03497291616994,91.40888179887358,40.03497291616994,92.40888179887358
B256,55.90948834738646,46.253221422884984,56.90948834738646,47.253221422884984
B257,85.30783971630518,78.25565126544765,86.30783971630518,79.25565126544765
B258,20.80718408468428,24.57952465339426,21.80718408468428,25.57952465339426
B259,23.002696587997853,35.54817767609888,24.002696587997853,36.54817767609888
B260,23.936765165826404,39.23624003944345,24.936765165826404,40.23624003944345
B261,67.08850178835938,31.558593541801084,68.08850178835938,32.55859354180109
B262,80.11549073394288,1.9631938401639464,81.11549073394288,2.9631938401639464
B263,57.89074630842816,95.98943219995107,58.89074630842816,96.98943219995107
B264,72.35278026292546,64.06958658146527,73.35278026292546,65.06958658146527
B265,73.93364281332732,78.34461618617766,74.93364281332732,79.34461618617766
B266,67.7430309028475,64.30568443620886,68.7430309028475,65.30568443620886
B267,76.3384801229233,54.58176199578257,77.3384801229233,55.58176199578257
B268,76.43421504224392,91.20820273012656,77.43421504224392,92.20820273012656
B269,61.277537140470855,19.14393309192265,62.277537140470855,20.14393309192265
B270,70.52945699491356,72.13753243255348,71.52945699491356,73.13753243255348
B271,70.80270196077697,5.555948536944767,71.80270196077697,6.555948536944767
B272,82.03055112398317,23.6633110879676,83.03055112398317,24.6633110879676
B273,56.42754366259541,65.77583270851287,57.42754366259541,66.77583270851287
B274,85.27504808023,6.365936901314574,86.27504808023,7.365936901314574
B275,56.35863535739466,61.07998956078034,57.35863535739466,62.07998956078034
B276,19.810257168242696,58.51847092509511,20.810257168242696,59.51847092509511
B277,52.071178094579714,1.2664818962913564,53.071178094579714,2.2664818962913564
B278,53.106725389019246,85.3602659613967,54.106725389019246,86.3602659613967
B279,61.897073359129315,20.03840239081595,62.897073359129315,21.03840239081595
B280,29.644382096241785,19.678714853385934,30.644382096241785,20.678714853385934
B281,86.65212985395995,22.319015130230078,87.65212985395995,23.319015130230078
B282,9.73607150180826,16.06781989556502,10.73607150180826,17.06781989556502
B283,91.24041590790057,24.776396329829623,92.24041590790057,25.776396329829623
B284,54.78280519476533,44.76128424781891,55.78280519476533,45.76128424781891
B285,52.4663042345421,12.852126115202386,53.4663042345421,13.852126115202386
B286,43.929744779665725,98.24072769887157,44.929744779665725,99.24072769887157
B287,20.372579575801762,38.94804880929379,21.372579575801762,39.94804880929379
B288,62.31355633312423,87.33516283742097,63.31355633312423,88.33516283742097
B289,34.41867290993701,74.12771114673909,35.41867290993701,75.12771114673909
B290,25.919645181572417,19.39601310506492,26.919645181572417,20.39601310506492
B291,49.54656398137225,5.308876975844073,50.54656398137225,6.308876975844073
B292,37.64414019646711,61.20383919909109,38.64414019646711,62.20383919909109
B293,81.95465145224914,23.49183188645346,82.95465145224914,24.49183188645346
B294,47.148601196518136,0.3949609217442095,48.148601196518136,1.3949609217442096
B295,78.8546283976995,42.025344815423956,79.8546283976995,43.025344815423956
B296,24.56295104501519,55.427418839191006,25.56295104501519,56.427418839191006
B297,95.00636562149056,89.82640563428153,96.00636562149056,90.82640563428153
B298,95.02650559148641,92.7894769726339,96.02650559148641,93.7894769726339
B299,63.380905342786214,97.51175787815887,64.3809053427862,98.51175787815887
B300,56.87424172121104,50.95279745840251,57.87424172121104,51.95279745840251
B301,5.439624266501105,59.75637469508571,6.439624266501105,60.75637469508571
B302,34.74999499020578,44.661531990921915,35.74999499020578,45.661531990921915
B303,14.589972248295876,46.94681351760902,15.589972248295876,47.94681351760902
B304,8.64402287563244,70.7809422717186,9.64402287563244,71.7809422717186
B305,35.13490692892984,75.66362083383939,36.13490692892984,76.66362083383939
B306,73.0254634784124,74.9754949218539,74.0254634784124,75.9754949218539
B307,11.043172881446297,6.148481521086524,12.043172881446297,7.148481521086524
B308,46.223362559653935,89.04684335336124,47.223362559653935,90.04684335336124
B309,67.15278625826942,43.2277618518122,68.15278625826942,44.2277618518122
B310,17.3256273568389,36.13053091684257,18.3256273568389,37.13053091684257
B311,15.439913549476435,71.66615770360272,16.439913549476437,72.66615770360272
B312,86.96266943960381,25.13256365147609,87.96266943960381,26.13256365147609
B313,44.10420371989843,47.50676218964062,45.10420371989843,48.50676218964062
B314,58.1177611352494,96.57398202687048,59.1177611352494,97.57398202687048
B315,7.214718007831064,49.148261354605204,8.214718007831063,50.148261354605204
B316,60.32998554413851,27.67823380239512,61.32998554413851,28.67823380239512
B317,50.856266549734045,17.86167315016336,51.856266549734045,18.86167315016336
B318,27.640698856056318,80.04983489727931,28.640698856056318,81.04983489727931
B319,80.87603695959477,37.07446431549949,81.87603695959477,38.07446431549949
B320,49.01102457670671,33.832898480766815,50.01102457670671,34.832898480766815
B321,30.405658887247068,98.16703431813977,31.405658887247068,99.16703431813977
B322,78.85956181467887,84.5847410445653,79.85956181467887,85.5847410445653
B323,28.600657446401943,12.765677762818672,29.600657446401943,13.765677762818672
B324,21.04353575130031,5.085295375186139,22.04353575130031,6.085295375186139
B325,66.86388447969094,96.17510341989882,67.86388447969094,97.17510341989882
B326,37.98188381654874,0.9224065085822298,38.98188381654874,1.9224065085822297
B327,50.874484258885396,91.67832850039888,51.874484258885396,92.67832850039888
B328,96.91086622778253,81.44901037239889,97.91086622778253,82.44901037239889
B329,50.051928392185864,23.173770084146906,51.051928392185864,24.173770084146906
B330,27.05524944654389,67.84818324771398,28.05524944654389,68.84818324771398
B331,65.56261452730324,71.81499570968471,66.56261452730324,72.81499570968471
B332,94.68100207910767,83.66046673660301,95.68100207910767,84.66046673660301
B333,46.24537757932864,35.88332241925053,47.24537757932864,36.88332241925053
B334,28.158756268542522,55.38060389064177,29.158756268542522,56.38060389064177
B335,29.67004175412434,27.45313983264145,30.67004175412434,28.45313983264145
B336,82.86025909072701,68.50405103543898,83.86025909072701,69.50405103543898
B337,61.67466065322521,92.38351893840469,62.67466065322521,93.38351893840469
B338,7.470053196022942,41.022855014792924,8.470053196022942,42.022855014792924
B339,28.32035353656204,26.111294164942535,29.32035353656204,27.111294164942535
B340,42.68607237192484,96.44410851787575,43.68607237192484,97.44410851787575
B341,54.19204198237992,65.69698823524776,55.19204198237992,66.69698823524776
B342,97.05066161462294,42.522277478022964,98.05066161462294,43.522277478022964
B343,19.84482982367325,36.53956340060357,20.84482982367325,37.53956340060357
B344,56.04194788645369,68.9113370965239,57.04194788645369,69.9113370965239
B345,85.35476944144649,31.122362611159815,86.35476944144649,32.122362611159815
B346,47.25563597402178,33.86183036338715,48.25563597402178,34.86183036338715
B347,68.93960907015058,11.911977002926065,69.93960907015058,12.911977002926065
B348,54.080520859785246,71.0511209064352,55.080520859785246,72.0511209064352
B349,14.72605631477633,68.23320897364314,15.72605631477633,69.23320897364314
B350,59.71794660387697,81.73779442527265,60.71794660387697,82.73779442527265
B351,85.34390697495284,13.028977819734479,86.34390697495284,14.028977819734479
B352,50.64206540640759,75.57563773692999,51.64206540640759,76.57563773692999
B353,80.0104146908945,15.897622952673835,81.0104146908945,16.897622952673835
B354,51.89790943299921,27.981184698328672,52.89790943299921,28.981184698328672
B355,16.631643835630236,27.468662948957476,17.631643835630236,28.468662948957476
B356,40.71164258055342,22.39813473851849,41.71164258055342,23.39813473851849
B357,76.87654185234797,88.46850425359666,77.87654185234797,89.46850425359666
B358,32.65561975200188,96.55193634625165,33.65561975200188,97.55193634625165
B359,60.596567830353585,69.78409649663281,61.596567830353585,70.78409649663281
B360,12.046747566295235,76.16304923501941,13.046747566295235,77.16304923501941
B361,62.84974979464103,92.37509505015622,63.84974979464103,93.37509505015622
B362,74.28787656686443,47.67200032294996,75.28787656686443,48.67200032294996
B363,45.31904534403935,12.050456728303745,46.31904534403935,13.050456728303745
B364,88.48087671599806,33.1260240873987,89.48087671599806,34.1260240873987
B365,57.247947612859925,81.91515594057583,58.247947612859925,82.91515594057583
B366,22.292012411573637,35.72813157049996,23.292012411573637,36.72813157049996
B367,35.25464536181929,23.54972913971533,36.25464536181929,24.54972913971533
B368,87.92954203397079,11.724205707932965,88.92954203397079,12.724205707932965
B369,5.94864029937447,93.12083768765477,6.94864029937447,94.12083768765477
B370,8.01619975636498,45.31435235301999,9.01619975636498,46.31435235301999
B371,20.04155616524411,81.66038437680163,21.04155616524411,82.66038437680163
B372,19.23173168390304,78.25191572407691,20.23173168390304,79.25191572407691
B373,30.655787802259137,53.99290263207411,31.655787802259137,54.99290263207411
B374,70.31678420348284,85.31192394632727,71.31678420348284,86.31192394632727
B375,77.78617934427136,66.46210140390828,78.78617934427136,67.46210140390828
B376,29.06401328538813,85.71710599843236,30.06401328538813,86.71710599843236
B377,71.48030264459386,89.78483269546734,72.48030264459386,90.78483269546734
B378,36.1423414015786,70.75915487880832,37.1423414015786,71.75915487880832
B379,91.00723147336306,78.88663761257503,92.00723147336306,79.88663761257503
B380,53.26754971750941,85.60779692166196,54.26754971750941,86.60779692166196
B381,17.382420852086742,1.685021593900991,18.382420852086742,2.685021593900991
B382,59.23681199772839,49.60075270372081,60.23681199772839,50.60075270372081
B383,85.24822921573846,46.496269334336674,86.24822921573846,47.496269334336674
B384,83.55947273825579,3.525935437834877,84.55947273825579,4.525935437834876
B385,32.23835412053272,65.61784464694622,33.23835412053272,66.61784464694622
B386,48.37898022446914,77.93564603203824,49.37898022446914,78.93564603203824
B387,5.254208528140036,72.99495494787321,6.254208528140036,73.99495494787321
B388,22.144781942948562,36.529938433929594,23.144781942948562,37.529938433929594
B389,34.07662628189563,45.392725504712544,35.07662628189563,46.392725504712544
B390,63.00037278824508,9.51784092906442,64.00037278824507,10.51784092906442
B391,29.497709639937455,19.224278594844048,30.497709639937455,20.224278594844048
B392,19.44824948298421,19.34683494769963,20.44824948298421,20.34683494769963
B393,30.413232970163882,83.0363102057646,31.413232970163882,84.0363102057646
B394,27.144854688367808,56.78288922300405,28.144854688367808,57.78288922300405
B395,67.22853848070635,80.17875978246708,68.22853848070635,81.17875978246708
B396,6.267649124204789,61.240819226752976,7.267649124204789,62.240819226752976
B397,36.78010358170667,2.2806336242954606,37.78010358170667,3.2806336242954606
B398,28.013846356765058,78.90842704488743,29.013846356765058,79.90842704488743
B399,85.95937916626004,3.0559382835029325,86.95937916626004,4.0559382835029325
B400,61.39945226449609,48.34719759541732,62.39945226449609,49.34719759541732
B401,50.58366019161942,92.54250583815855,51.58366019161942,93.54250583815855
B402,90.47931029537045,0.6175394681718843,91.47931029537045,1.6175394681718842
B403,49.04502024430891,52.221124815425206,50.04502024430891,53.221124815425206
B404,96.53123144084398,39.86354327675112,97.53123144084398,40.86354327675112
B405,24.79373558897138,45.06185747190925,25.79373558897138,46.06185747190925
B406,88.24446453956705,30.466153189675154,89.24446453956705,31.466153189675154
B407,76.65177338852281,45.23424045644155,77.65177338852281,46.23424045644155
B408,2.479031153638217,18.785818037604344,3.479031153638217,19.785818037604344
B409,80.14604848897451,57.925229731465244,81.14604848897451,58.925229731465244
B410,44.9241480793877,13.19358567668609,45.9241480793877,14.19358567668609
B411,79.16835578386947,51.77398335721085,80.16835578386947,52.77398335721085
B412,65.33810388587668,79.7898491447018,66.33810388587668,80.7898491447018
B413,39.90517611739131,36.26229367738322,40.90517611739131,37.26229367738322
B414,28.686209894881756,73.54656040447883,29.686209894881756,74.54656040447883
B415,29.398952433868246,81.19525542696351,30.398952433868246,82.19525542696351
B416,73.09555459296395,22.78039973599759,74.09555459296395,23.78039973599759
B417,64.21290169640174,14.355134858815834,65.21290169640174,15.355134858815834
B418,60.18809206956953,1.3714519875621596,61.18809206956953,2.3714519875621596
B419,94.52564673410552,8.168866917466461,95.52564673410552,9.168866917466461
B420,72.59253297429265,16.900585118273217,73.59253297429265,17.900585118273217
B421,87.38861524037958,16.56498805238281,88.38861524037958,17.56498805238281
B422,47.90024452346309,39.54471684611592,48.90024452346309,40.54471684611592
B423,85.64896623932702,53.98917648809407,86.64896623932702,54.98917648809407
B424,51.92331591658458,42.334958298802135,52.92331591658458,43.334958298802135
B425,40.51877043625841,8.97691789083055,41.51877043625841,9.97691789083055
B426,30.262160103855706,23.41486331165991,31.262160103855706,24.41486331165991
B427,39.767399636321166,7.3164271536595695,40.767399636321166,8.31642715365957
B428,63.25088940007677,12.668669073150966,64.25088940007677,13.668669073150966
B429,26.18841527392435,66.37107078995585,27.18841527392435,67.37107078995585
B430,89.99467571455318,46.72314918244248,90.99467571455318,47.72314918244248
B431,27.936821617943806,68.24335618739579,28.936821617943806,69.24335618739579
B432,82.16181087586712,73.52987502932113,83.16181087586712,74.52987502932113
B433,39.64824684850019,47.045507207294776,40.64824684850019,48.045507207294776
B434,96.65432003029012,72.32261216521476,97.65432003029012,73.32261216521476
B435,78.43883679437637,20.026054204177324,79.43883679437637,21.026054204177324
B436,74.87435070174755,32.61733824551684,75.87435070174755,33.61733824551684
B437,59.379261139881685,26.195934549292204,60.379261139881685,27.195934549292204
B438,95.78059407515669,85.5922737338915,96.78059407515669,86.5922737338915
B439,64.57113020967822,81.15530880481136,65.57113020967822,82.15530880481136
B440,7.642820959018112,43.33007801898409,8.642820959018113,44.33007801898409
B441,78.11121388696971,98.15479848744003,79.11121388696971,99.15479848744003
B442,0.1515437699137887,94.16322269087708,1.1515437699137887,95.16322269087708
B443,10.941188773416268,35.36858539940338,11.941188773416268,36.36858539940338
B444,20.692526714367105,8.287181683463116,21.692526714367105,9.287181683463116
B445,54.61401267065374,95.36114290728023,55.61401267065374,96.36114290728023
B446,45.87939943613654,35.111937998660025,46.87939943613654,36.111937998660025
B447,11.020935256261245,74.48833994359124,12.020935256261245,75.48833994359124
B448,55.36141070584257,75.73417602464983,56.36141070584257,76.73417602464983
B449,51.647737031909756,43.59729581422124,52.647737031909756,44.59729581422124
B450,48.31670785084879,6.831648690903922,49.31670785084879,7.831648690903922
B451,92.96665489808838,29.80946053305412,93.96665489808838,30.80946053305412
B452,32.750867135349985,41.125491090697494,33.750867135349985,42.125491090697494
B453,67.98607254081118,88.13648817698287,68.98607254081118,89.13648817698287
B454,52.01516407881937,33.76040523335003,53.01516407881937,34.76040523335003
B455,97.70987895015718,94.40695831016309,98.70987895015718,95.40695831016309
B456,91.84524125135002,24.596530950793383,92.84524125135002,25.596530950793383
B457,93.6585437281461,63.546530147045004,94.6585437281461,64.546530147045
B458,44.54085738527408,39.619755894223196,45.54085738527408,40.619755894223196
B459,84.91098146828354,77.96077338632986,85.91098146828354,78.96077338632986
B460,45.00337374921456,26.624032342839296,46.00337374921456,27.624032342839296
B461,57.81130337663515,47.29577385143368,58.81130337663515,48.29577385143368
B462,38.41492444205637,90.68101903390031,39.41492444205637,91.68101903390031
B463,35.17845008374718,85.38385928082239,36.17845008374718,86.38385928082239
B464,33.37163890623272,91.95472931191065,34.37163890623272,92.95472931191065
B465,32.81831424184724,46.84445062687169,33.81831424184724,47.84445062687169
B466,38.34826980059144,21.782579995043697,39.34826980059144,22.782579995043697
B467,63.000592428993855,71.90156503805419,64.00059242899385,72.90156503805419
B468,76.23200845288805,26.024715317039448,77.23200845288805,27.024715317039448
B469,76.98203003653558,71.34632593587426,77.98203003653558,72.34632593587426
B470,15.51778232478088,17.072733803694163,16.51778232478088,18.072733803694163
B471,1.946390472497943,21.81916717862705,2.946390472497943,22.81916717862705
B472,8.257018856497659,25.37230469833413,9.257018856497659,26.37230469833413
B473,40.53605952908324,35.34915659406211,41.53605952908324,36.34915659406211
B474,9.123617221568958,41.47820059958055,10.123617221568958,42.47820059958055
B475,53.01211356462385,40.559748124942814,54.01211356462385,41.559748124942814
B476,54.653209748839956,50.67449783840154,55.653209748839956,51.67449783840154
B477,59.79101906797959,20.49959251493408,60.79101906797959,21.49959251493408
B478,17.747824337687057,45.34472410747239,18.747824337687057,46.34472410747239
B479,18.65519779288591,92.38660366083651,19.65519779288591,93.38660366083651
B480,81.25364613532116,37.764396813835994,82.25364613532116,38.764396813835994
B481,22.9560853588865,19.067985977485023,23.9560853588865,20.067985977485023
B482,41.690868091721626,33.74561801055492,42.690868091721626,34.74561801055492
B483,13.341759201389326,92.91240513333639,14.341759201389326,93.91240513333639
B484,15.068236117952026,98.23092495853517,16.068236117952026,99.23092495853517
B485,33.26130976639589,27.461834956443624,34.26130976639589,28.461834956443624
B486,1.1497230903390716,77.12692384154425,2.1497230903390716,78.12692384154425
B487,40.2677299500184,24.56679817216894,41.2677299500184,25.56679817216894
B488,32.539858948470865,34.80129838215826,33.539858948470865,35.80129838215826
B489,74.21125605103799,36.42180168382955,75.21125605103799,37.42180168382955
B490,91.52310832134997,69.12077263988093,92.52310832134997,70.12077263988093
B491,66.91029936642812,78.92453377744094,67.91029936642812,79.92453377744094
B492,98.15799859094457,12.8740096585693,99.15799859094457,13.8740096585693
B493,19.914331079795332,1.8847857851235916,20.914331079795332,2.884785785123592
B494,24.19732872478344,92.70059854206208,25.19732872478344,93.70059854206208
B495,80.76648165582465,11.340195196057223,81.76648165582465,12.340195196057223
B496,10.358457207755373,25.80840723770299,11.358457207755373,26.80840723770299
B497,49.328776566706736,70.38321635140146,50.328776566706736,71.38321635140146
B498,16.489740538410423,17.14159122708867,17.489740538410423,18.14159122708867
B499,26.01242008428742,43.24057746721587,27.01242008428742,44.24057746721587
B500,52.017186600198315,45.99548156353749,53.017186600198315,46.99548156353749
B501,15.235627643085682,47.155166205880626,16.23562764308568,48.155166205880626
B502,65.91577468991306,16.627504760204495,66.91577468991306,17.627504760204495
B503,58.49759103100217,40.77097355679978,59.49759103100217,41.77097355679978
B504,97.0018230376267,41.669505137480556,98.0018230376267,42.669505137480556
B505,41.62107768016627,55.57369645532455,42.62107768016627,56.57369645532455
B506,9.9625385086929,87.577562915139,10.9625385086929,88.577562915139
B507,83.30012686709743,67.04163687043497,84.30012686709743,68.04163687043497
B508,35.99330775194691,35.749894923627195,36.99330775194691,36.749894923627195
B509,26.04011006660249,75.22908373501998,27.04011006660249,76.22908373501998
B510,88.98980193221225,84.99866964710382,89.98980193221225,85.99866964710382
B511,39.65434043073685,17.993910405784177,40.65434043073685,18.993910405784177
B512,17.83595723416558,81.54086924307072,18.83595723416558,82.54086924307072
B513,43.044438314989335,59.54707886877797,44.044438314989335,60.54707886877797
B514,11.476218791935855,72.70584133919814,12.476218791935855,73.70584133919814
B515,38.90784809688252,64.93612093568002,39.90784809688252,65.93612093568002
B516,8.916189990467817,94.34785774499497,9.916189990467817,95.34785774499497
B517,53.771965318717136,50.501652989285226,54.771965318717136,51.501652989285226
B518,56.9986775308311,67.20867140560117,57.9986775308311,68.20867140560117
B519,66.29546799372287,43.7336645720911,67.29546799372287,44.7336645720911
B520,0.5842720001723055,62.57292203557732,1.5842720001723056,63.57292203557732
B521,59.671561426410406,6.16819384042005,60.671561426410406,7.16819384042005
B522,89.4401432519852,52.77459354431755,90.4401432519852,53.77459354431755
B523,87.72329234754065,97.5492756368605,88.72329234754065,98.5492756368605
B524,86.15193185266553,98.00655571311,87.15193185266553,99.00655571311
B525,60.655400867838175,67.80956363704951,61.655400867838175,68.80956363704951
B526,4.998256876272167,28.588334950775746,5.998256876272167,29.588334950775746
B527,10.561178124040813,45.058290400096915,11.561178124040813,46.058290400096915
B528,38.079680860493006,35.18883108200563,39.079680860493006,36.18883108200563
B529,98.49852788815659,82.15514913062313,99.49852788815659,83.15514913062313
B530,13.902982777275552,63.67338591230719,14.902982777275552,64.6733859123072
B531,8.555062940099418,66.72352806403178,9.555062940099418,67.72352806403178
B532,33.49122670571988,84.1413339521611,34.49122670571988,85.1413339521611
B533,77.99547613126279,96.78964252839566,78.99547613126279,97.78964252839566
B534,64.25143150802653,75.7696470582166,65.25143150802653,76.7696470582166
B535,64.99994485519197,93.9223303054116,65.99994485519197,94.9223303054116
B536,52.67486637305007,91.63864927533872,53.67486637305007,92.63864927533872
B537,93.36653016879812,15.296680258924535,94.36653016879812,16.296680258924535
B538,10.765639591036937,67.42750081384085,11.765639591036937,68.42750081384085
B539,70.63649284453759,11.734681721791254,71.63649284453759,12.734681721791254
B540,43.88452076331358,52.29644939872238,44.88452076331358,53.29644939872238
B541,49.46562723470283,12.870090503556302,50.46562723470283,13.870090503556302
B542,18.933678565071183,38.46646267476385,19.933678565071183,39.46646267476385
B543,34.47951140824051,73.26530345870717,35.47951140824051,74.26530345870717
B544,24.3650521833506,2.436460794124627,25.3650521833506,3.436460794124627
B545,5.602372964824513,86.76296898291723,6.602372964824513,87.76296898291723
B546,73.06454226583531,22.743049385901394,74.06454226583531,23.743049385901394
B547,47.228545762469764,86.07357959026946,48.228545762469764,87.07357959026946
B548,95.65474691902544,35.96860464944684,96.65474691902544,36.96860464944684
B549,12.683563051335046,44.19741708924379,13.683563051335046,45.19741708924379
B550,58.39145270045799,27.90288908161259,59.39145270045799,28.90288908161259
B551,93.75414066997786,25.14370477592432,94.75414066997786,26.14370477592432
B552,75.918401442288,71.17170668460048,76.918401442288,72.17170668460048
B553,29.030268510741564,94.02899214630344,30.030268510741564,95.02899214630344
B554,30.392647952453085,77.419287764538,31.392647952453085,78.419287764538
B555,27.232330851789364,27.33509708422949,28.232330851789364,28.33509708422949
B556,87.43187541198769,64.53038133597583,88.43187541198769,65.53038133597583
B557,6.141303779150206,0.64376984491244,7.141303779150206,1.64376984491244
B558,88.75269971928563,65.13651487593732,89.75269971928563,66.13651487593732
B559,64.08422791256027,95.50749796992096,65.08422791256027,96.50749796992096
B560,0.5657983755036252,3.6500201516605184,1.565798375503625,4.650020151660518
B561,15.172829851309737,43.49880768282103,16.172829851309736,44.49880768282103
B562,79.5697768235051,12.947330301694294,80.5697768235051,13.947330301694294
B563,82.06030232655527,31.42843937983882,83.06030232655527,32.42843937983882
B564,41.84398234799421,42.23004542603986,42.84398234799421,43.23004542603986
B565,46.14138025903108,89.63515906150573,47.14138025903108,90.63515906150573
B566,70.66759574692796,91.54307107045888,71.66759574692796,92.54307107045888
B567,11.076640316524298,77.01646392965208,12.076640316524298,78.01646392965208
B568,2.6430134854771614,52.33801554888273,3.6430134854771614,53.33801554888273
B569,25.314491479749922,4.749629143429107,26.314491479749922,5.749629143429107
B570,96.63333576412528,11.639312328860973,97.63333576412528,12.639312328860973
B571,16.967542544793947,27.531550588562215,17.967542544793947,28.531550588562215
B572,84.48668738024351,91.28696183910104,85.48668738024351,92.28696183910104
B573,35.8656304010776,45.2298319950628,36.8656304010776,46.2298319950628
B574,22.064861666035107,15.625676994506074,23.064861666035107,16.625676994506073
B575,30.833816015986198,83.77040835889183,31.833816015986198,84.77040835889183
B576,42.93047133563038,0.37892321915584426,43.93047133563038,1.3789232191558443
B577,85.66660299057884,34.08895276380368,86.66660299057884,35.08895276380368
B578,31.29111234182942,33.820450419807585,32.29111234182942,34.820450419807585
B579,57.45220526089979,36.592350364305666,58.45220526089979,37.592350364305666
B580,7.198576785842268,16.281380970558935,8.198576785842267,17.281380970558935
B581,16.08832587036139,46.28785536423771,17.08832587036139,47.28785536423771
B582,44.256974519980595,5.734724836416994,45.256974519980595,6.734724836416994
B583,32.88966862984678,45.08071568247994,33.88966862984678,46.08071568247994
B584,75.81819705240638,60.3275792543865,76.81819705240638,61.3275792543865
B585,75.80931985497003,47.86230246261509,76.80931985497003,48.86230246261509
B586,47.67878640112966,43.2940877182078,48.67878640112966,44.2940877182078
B587,13.384600816529382,68.45103341541615,14.384600816529382,69.45103341541615
B588,97.08342337546539,67.70935525111652,98.08342337546539,68.70935525111652
B589,98.48235113998335,55.9386161146807,99.48235113998335,56.9386161146807
B590,73.61528266538534,55.1302362240034,74.61528266538534,56.1302362240034
B591,82.16359682883578,37.40077285138594,83.16359682883578,38.40077285138594
B592,95.30293229023799,87.70888288716283,96.30293229023799,88.70888288716283
B593,5.986012835952158,51.46620612386565,6.986012835952158,52.46620612386565
B594,66.37632897281482,42.256428178908436,67.37632897281482,43.256428178908436
B595,33.66131918140982,46.058839468477906,34.66131918140982,47.058839468477906
B596,88.00882609315373,62.30163711216299,89.00882609315373,63.30163711216299
B597,74.32340291708964,18.153028615612282,75.32340291708964,19.153028615612282
B598,4.5830182159107835,24.887556380614697,5.5830182159107835,25.887556380614697
B599,66.67537238910496,85.79445124653463,67.67537238910496,86.79445124653463
B600,53.55334386245851,41.08955611283583,54.55334386245851,42.08955611283583
B601,98.06999996770087,77.8226687846259,99.06999996770087,78.8226687846259
B602,47.380481989992575,38.570831120334475,48.380481989992575,39.570831120334475
B603,52.8907012422041,12.37821676367382,53.8907012422041,13.37821676367382
B604,97.56851338774183,23.079516208205813,98.56851338774183,24.079516208205813
B605,51.0789755367958,85.707094715849,52.0789755367958,86.707094715849
B606,53.35040373439187,19.37281839577913,54.35040373439187,20.37281839577913
B607,83.06897442960934,79.0912209132232,84.06897442960934,80.0912209132232
B608,75.51553079244322,22.165661338981085,76.51553079244322,23.165661338981085
B609,91.12264575580869,84.00747542078986,92.12264575580869,85.00747542078986
B610,57.297404207359406,52.456589430593404,58.297404207359406,53.456589430593404
B611,93.62956292922017,24.559312237338993,94.62956292922017,25.559312237338993
B612,74.0943567199536,44.540815466206595,75.0943567199536,45.540815466206595
B613,31.390340417036892,68.80534401138952,32.390340417036896,69.80534401138952
B614,4.7177975331724005,91.38093377478684,5.7177975331724005,92.38093377478684
B615,73.41884413591603,70.81929239066855,74.41884413591603,71.81929239066855
B616,6.997512557536883,68.98139063276372,7.997512557536883,69.98139063276372
B617,95.80218112638494,83.72641516142626,96.80218112638494,84.72641516142626
B618,3.306444564423169,9.486859148092526,4.306444564423169,10.486859148092526
B619,30.543775882651175,31.623428331441655,31.543775882651175,32.62342833144166
B620,57.76625835787159,43.28682943072717,58.76625835787159,44.28682943072717
B621,63.994813775327934,6.519261624703374,64.99481377532794,7.519261624703374
B622,38.578665783519895,45.29578046460307,39.578665783519895,46.29578046460307
B623,42.0197239394759,89.7599550077516,43.0197239394759,90.7599550077516
B624,53.09849403923617,16.790240638833378,54.09849403923617,17.790240638833378
B625,58.16502534124146,62.988052374682226,59.16502534124146,63.988052374682226
B626,88.85375544857142,66.97461352966978,89.85375544857142,67.97461352966978
B627,61.265776535734254,25.112711736717262,62.265776535734254,26.112711736717262
B628,23.20900813147453,54.295339408589705,24.20900813147453,55.295339408589705
B629,96.39829283203747,60.504988822991585,97.39829283203747,61.504988822991585
B630,37.785571092752704,94.53217304603174,38.785571092752704,95.53217304603174
B631,26.962028201317818,82.25766103262332,27.962028201317818,83.25766103262332
B632,59.276699356718076,79.67863510472621,60.276699356718076,80.67863510472621
B633,15.501092603701835,61.17891138664723,16.501092603701835,62.17891138664723
B634,3.9463728911414133,0.6267710545020091,4.946372891141413,1.626771054502009
B635,47.776910297439585,78.31054759835484,48.776910297439585,79.31054759835484
B636,54.32784481467883,30.945877942039605,55.32784481467883,31.945877942039605
B637,34.27733020313479,58.87391437268702,35.27733020313479,59.87391437268702
B638,71.6519897499046,25.331185302309486,72.6519897499046,26.331185302309486
B639,76.49870977645072,85.74750671163599,77.49870977645072,86.74750671163599
B640,83.87439533249649,41.59348041419763,84.87439533249649,42.59348041419763
B641,81.14477913350596,94.24659775364934,82.14477913350596,95.24659775364934
B642,64.86630442286247,11.62346106846224,65.86630442286247,12.62346106846224
B643,92.30922753347696,93.31627352035822,93.30922753347696,94.31627352035822
B644,4.571450765958057,14.357997894622395,5.571450765958057,15.357997894622395
B645,62.09622418489577,26.90482944759728,63.09622418489577,27.90482944759728
B646,10.239529225097323,93.33910352565862,11.239529225097323,94.33910352565862
B647,39.04152427209641,63.1930566618924,40.04152427209641,64.1930566618924
B648,6.514706031229735,21.173417991616354,7.514706031229735,22.173417991616354
B649,68.8086589723629,69.7247982145845,69.8086589723629,70.7247982145845
B650,69.20472930419926,6.671448586586133,70.20472930419926,7.671448586586133
B651,4.437119555259159,72.46641937516623,5.437119555259159,73.46641937516623
B652,95.51034448614378,66.40416862382286,96.51034448614378,67.40416862382286
B653,17.376458966325135,80.92982559042242,18.376458966325135,81.92982559042242
B654,58.26851140848064,84.6811858496595,59.26851140848064,85.6811858496595
B655,10.001299315478887,69.51213524359922,11.001299315478887,70.51213524359922
B656,69.51995113147112,71.15141742806573,70.51995113147112,72.15141742806573
B657,60.5043347497573,84.04386292153337,61.5043347497573,85.04386292153337
B658,87.74915534800765,74.720840835267,88.74915534800765,75.720840835267
B659,57.61429945265888,79.58339930650469,58.61429945265888,80.58339930650469
B660,22.031989587748754,19.453803476874835,23.031989587748754,20.453803476874835
B661,39.09578189759794,60.04880462220443,40.09578189759794,61.04880462220443
B662,4.704234344195842,17.158985507133114,5.704234344195842,18.158985507133114
B663,86.30937511640724,0.170343413606852,87.30937511640724,1.170343413606852
B664,66.4427360797766,45.20704386270049,67.4427360797766,46.20704386270049
B665,88.92844455272972,61.44201949946267,89.92844455272972,62.44201949946267
B666,37.9462323932752,74.16226392956277,38.9462323932752,75.16226392956277
B667,86.63284816524884,29.056842723745877,87.63284816524884,30.056842723745877
B668,15.965663101023106,62.039410373662164,16.965663101023104,63.039410373662164
B669,62.244337874255294,69.069633288506,63.244337874255294,70.069633288506
B670,90.08328897335407,51.13167008210938,91.08328897335407,52.13167008210938
B671,5.23409711893925,81.08144933762156,6.23409711893925,82.08144933762156
B672,94.04789043420426,91.3534623074409,95.04789043420426,92.3534623074409
B673,80.89412718266952,51.180491311459505,81.89412718266952,52.180491311459505
B674,45.27560404371153,51.50458006486483,46.27560404371153,52.50458006486483
B675,38.36877634481205,68.49966356390787,39.36877634481205,69.49966356390787
B676,10.785374019036542,29.073200749185528,11.785374019036542,30.073200749185528
B677,68.69251178578082,56.3428938577181,69.69251178578082,57.3428938577181
B678,58.06577287944572,57.700604438836066,59.06577287944572,58.700604438836066
B679,97.9451164746981,66.30134491856474,98.9451164746981,67.30134491856474
B680,36.97862581340404,45.049984756099896,37.97862581340404,46.049984756099896
B681,52.792790659615086,32.32258170508403,53.792790659615086,33.32258170508403
B682,89.75679724221594,20.986173149668943,90.75679724221594,21.986173149668943
B683,73.49414720394387,82.18504011123065,74.49414720394387,83.18504011123065
B684,15.602645078803054,19.809930266524084,16.602645078803054,20.809930266524084
B685,84.16327139586765,85.56413811145259,85.16327139586765,86.56413811145259
B686,13.626955669606401,6.489442312814804,14.626955669606401,7.489442312814804
B687,72.69475984370926,69.19910455070124,73.69475984370926,70.19910455070124
B688,19.333675968751862,6.66021004612638,20.333675968751862,7.66021004612638
B689,39.42157564742982,62.01396873174374,40.42157564742982,63.01396873174374
B690,70.92016885499228,2.383404803114104,71.92016885499228,3.383404803114104
B691,64.8091515904098,3.3778437030725823,65.8091515904098,4.377843703072582
B692,58.682133077643776,89.43939370252454,59.682133077643776,90.43939370252454
B693,45.40160980759416,89.72406443153511,46.40160980759416,90.72406443153511
B694,33.698263738380255,72.16835370505389,34.698263738380255,73.16835370505389
B695,80.64013627808235,23.174885686069885,81.64013627808235,24.174885686069885
B696,76.53467022836489,12.929159979159486,77.53467022836489,13.929159979159486
B697,49.99742752810979,10.841464716367584,50.99742752810979,11.841464716367584
B698,13.103809395477398,88.36785852690053,14.103809395477398,89.36785852690053
B699,53.30920706548572,22.744235025520407,54.30920706548572,23.744235025520407
B700,52.50607697570534,30.71323401337589,53.50607697570534,31.71323401337589
B701,59.573144480023835,23.423015314277897,60.573144480023835,24.423015314277897
B702,28.937038598268494,78.17755303077328,29.937038598268494,79.17755303077328
B703,89.87844391002423,52.28905516737253,90.87844391002423,53.28905516737253
B704,71.72622173747912,0.02855970608852909,72.72622173747912,1.028559706088529
B705,1.779532516519915,71.49745227274985,2.779532516519915,72.49745227274985
B706,55.980363078766736,55.55539507687068,56.980363078766736,56.55539507687068
B707,32.509069559121265,22.7916732764064,33.509069559121265,23.7916732764064
B708,66.62716063049392,14.55062441066991,67.62716063049392,15.55062441066991
B709,77.51073101343745,56.595317314895105,78.51073101343745,57.595317314895105
B710,60.232764615246076,65.71024453541968,61.232764615246076,66.71024453541968
B711,22.66809227283919,46.26661587071991,23.66809227283919,47.26661587071991
B712,24.746799143253615,52.250300093481556,25.746799143253615,53.250300093481556
B713,34.81686503529794,33.72916873563759,35.81686503529794,34.72916873563759
B714,82.93529176183571,92.85996295044654,83.93529176183571,93.85996295044654
B715,17.86228659687076,86.60672211746117,18.86228659687076,87.60672211746117
B716,20.787995598375385,81.78345237163825,21.787995598375385,82.78345237163825
B717,72.94534981465415,18.507140359347922,73.94534981465415,19.507140359347922
B718,48.695768383474814,66.71741670048304,49.695768383474814,67.71741670048304
B719,34.93603990924942,73.71183623823886,35.93603990924942,74.71183623823886
B720,6.077022805876741,90.14536326741845,7.077022805876741,91.14536326741845
B721,32.36752464464747,4.99312276718973,33.36752464464747,5.99312276718973
B722,88.260219572995,20.617340810764418,89.260219572995,21.617340810764418
B723,52.2754168592274,2.077740397476769,53.2754168592274,3.077740397476769
B724,55.67947017694115,7.299376364917824,56.67947017694115,8.299376364917823
B725,78.08814996274106,88.58244393415679,79.08814996274106,89.58244393415679
B726,12.238787132805298,42.33797266461744,13.238787132805298,43.33797266461744
B727,42.77166214699999,24.664094667884687,43.77166214699999,25.664094667884687
B728,79.2212237644691,67.43465222296132,80.2212237644691,68.43465222296132
B729,21.596485411216648,21.804899569814886,22.596485411216648,22.804899569814886
B730,76.96931012594447,16.869449371838947,77.96931012594447,17.869449371838947
B731,83.91811211368245,58.20852843688271,84.91811211368245,59.20852843688271
B732,68.79836033796337,75.73262756135145,69.79836033796337,76.73262756135145
B733,60.046797803812794,13.096778608871745,61.046797803812794,14.096778608871745
B734,53.88277937901905,93.37428812298386,54.88277937901905,94.37428812298386
B735,67.40161761654667,33.072132566857896,68.40161761654667,34.072132566857896
B736,20.479166053333852,48.17346680115483,21.479166053333852,49.17346680115483
B737,25.136876765031673,37.50675934173552,26.136876765031673,38.50675934173552
B738,90.38374254736547,22.34875092687963,91.38374254736547,23.34875092687963
B739,66.21065166691956,2.7322466169328123,67.21065166691956,3.7322466169328123
B740,66.69094463048575,8.82289317983651,67.69094463048575,9.82289317983651
B741,74.79749040733682,25.338420916099466,75.79749040733682,26.338420916099466
B742,62.609616367177416,20.862663970739384,63.609616367177416,21.862663970739384
B743,97.13425559323865,49.12704498458895,98.13425559323865,50.12704498458895
B744,54.074516977054145,59.39635169066104,55.074516977054145,60.39635169066104
B745,19.826554245904983,69.85469018684229,20.826554245904983,70.85469018684229
B746,45.16886139601079,29.33515752889217,46.16886139601079,30.33515752889217
B747,19.13614823656696,59.63666609734784,20.13614823656696,60.63666609734784
B748,59.47389885138642,5.125737400751469,60.47389885138642,6.125737400751469
B749,13.669569291963429,52.30122619162749,14.669569291963429,53.30122619162749
B750,77.46717727580375,16.270283791443823,78.46717727580375,17.270283791443823
B751,64.11043718261396,14.486166023829513,65.11043718261396,15.486166023829513
B752,11.659088074567842,16.929095917603593,12.659088074567842,17.929095917603593
B753,81.33860245279958,70.56656852692696,82.33860245279958,71.56656852692696
B754,2.3873069444606787,79.00321598737456,3.3873069444606787,80.00321598737456
B755,49.833578543432544,15.084801607265868,50.833578543432544,16.084801607265867
B756,7.62689267762788,75.13908916125165,8.626892677627879,76.13908916125165
B757,77.14465808822895,88.55228928590546,78.14465808822895,89.55228928590546
B758,5.87916466005477,38.69666690593267,6.87916466005477,39.69666690593267
B759,88.49132122350349,44.199715205367184,89.49132122350349,45.199715205367184
B760,26.82547289870842,54.06455157978838,27.82547289870842,55.06455157978838
B761,41.82313343402247,49.48258802458066,42.82313343402247,50.48258802458066
B762,51.10525022718085,72.09496267213652,52.10525022718085,73.09496267213652
B763,87.41354304930135,34.24843923169055,88.41354304930135,35.24843923169055
B764,36.75236569362292,84.46047414126377,37.75236569362292,85.46047414126377
B765,8.527954960791831,89.47479594197627,9.527954960791831,90.47479594197627
B766,81.79518545267088,77.62699180287287,82.79518545267088,78.62699180287287
B767,62.98679541042755,49.718866031615775,63.98679541042755,50.718866031615775
B768,51.67336613848368,54.04474055944392,52.67336613848368,55.04474055944392
B769,25.595160482901118,1.680897182242882,26.595160482901118,2.680897182242882
B770,46.82052323726467,39.60669732223156,47.82052323726467,40.60669732223156
B771,20.510289279299876,43.57954786568908,21.510289279299876,44.57954786568908
B772,33.00349470214912,10.055880379480755,34.00349470214912,11.055880379480755
B773,67.42190910908337,75.10308769256291,68.42190910908337,76.10308769256291
B774,58.78643601699311,60.144084969358744,59.78643601699311,61.144084969358744
B775,75.19800473961693,68.15085631586408,76.19800473961693,69.15085631586408
B776,96.92712426373956,97.79282239509368,97.92712426373956,98.79282239509368
B777,98.36463903286727,40.74848586850776,99.36463903286727,41.74848586850776
B778,19.51542393224526,78.49033580865148,20.51542393224526,79.49033580865148
B779,28.029223068877492,6.047712355616492,29.029223068877492,7.047712355616492
B780,72.76556636821567,35.0931325055663,73.76556636821567,36.0931325055663
B781,1.130916540935488,54.32691913941903,2.130916540935488,55.32691913941903
B782,19.333425997652448,83.59490908505441,20.333425997652448,84.59490908505441
B783,20.121311820379972,41.651279926326545,21.121311820379972,42.651279926326545
B784,29.753171264579404,63.00907717920427,30.753171264579404,64.00907717920427
B785,79.16309779180276,19.761189959460406,80.16309779180276,20.761189959460406
B786,29.800257586499004,17.13812515737771,30.800257586499004,18.13812515737771
B787,68.42167081935327,27.99143663812777,69.42167081935327,28.99143663812777
B788,66.65896385701116,2.3174560396796675,67.65896385701116,3.3174560396796675
B789,12.098262023508981,23.246306405996613,13.098262023508981,24.246306405996613
B790,52.02935237087974,28.673692520711892,53.02935237087974,29.673692520711892
B791,14.90172675470195,82.33150744176244,15.90172675470195,83.33150744176244
B792,6.623056473389671,23.720318806547787,7.623056473389671,24.720318806547787
B793,55.55203810119627,43.9695218803991,56.55203810119627,44.9695218803991
B794,67.06057694057937,92.75380104440377,68.06057694057937,93.75380104440377
B795,45.25854507260212,15.774250559242063,46.25854507260212,16.774250559242063
B796,18.88440780708428,26.3876810032425,19.88440780708428,27.3876810032425
B797,73.23412894271343,98.01699423661644,74.23412894271343,99.01699423661644
B798,14.156089150686537,71.39592486557554,15.156089150686537,72.39592486557554
B799,49.1493754466036,97.16966599903779,50.1493754466036,98.16966599903779
B800,43.317905935774135,6.609496996085221,44.317905935774135,7.609496996085221
B801,83.33033637196489,1.504367215893737,84.33033637196489,2.504367215893737
B802,91.49135106188155,76.09328299930606,92.49135106188155,77.09328299930606
B803,96.92393073920212,76.17241362915972,97.92393073920212,77.17241362915972
B804,64.13099868386742,93.30264575595926,65.13099868386742,94.30264575595926
B805,14.124117018578417,0.36005038494708186,15.124117018578417,1.360050384947082
B806,39.723313364015944,26.84721058716523,40.723313364015944,27.84721058716523
B807,90.45590135468676,21.08713589368654,91.45590135468676,22.08713589368654
B808,54.3604573385344,13.560737598107188,55.3604573385344,14.560737598107188
B809,66.45739047085864,35.63730649206546,67.45739047085864,36.63730649206546
B810,12.644392039715678,34.84789088347894,13.644392039715678,35.84789088347894
B811,36.086461821806395,65.97084654770555,37.086461821806395,66.97084654770555
B812,39.25017757262453,33.04633888869318,40.25017757262453,34.04633888869318
B813,42.31511862713346,90.6491017483483,43.31511862713346,91.6491017483483
B814,3.6500865419985495,2.0601219598439013,4.650086541998549,3.0601219598439013
B815,23.6942793609117,16.00078888175969,24.6942793609117,17.00078888175969
B816,21.226233579390804,92.60931797738745,22.226233579390804,93.60931797738745
B817,88.2495048255658,19.196620432507007,89.2495048255658,20.196620432507007
B818,17.43751815170805,24.675727636572326,18.43751815170805,25.675727636572326
B819,17.96530406067892,13.638770329030617,18.96530406067892,14.638770329030617
B820,87.4433682392296,43.217812871947935,88.4433682392296,44.217812871947935
B821,7.489539361035741,34.97837160159544,8.48953936103574,35.97837160159544
B822,33.02048272491277,16.08867246829151,34.02048272491277,17.08867246829151
B823,7.645988113801336,11.642957780165537,8.645988113801337,12.642957780165537
B824,80.57537700090515,76.31437137314617,81.57537700090515,77.31437137314617
B825,94.28349901850615,97.68661644123237,95.28349901850615,98.68661644123237
B826,95.42826457392255,39.49496158424388,96.42826457392255,40.49496158424388
B827,49.99350059559922,80.52799022629172,50.99350059559922,81.52799022629172
B828,76.15435540464485,55.2478206234003,77.15435540464485,56.2478206234003
B829,40.928548719143215,43.62349108524074,41.928548719143215,44.62349108524074
B830,24.35105798156181,60.32062962736309,25.35105798156181,61.32062962736309
B831,29.108868119043706,94.78621862406224,30.108868119043706,95.78621862406224
B832,82.3401284317582,39.8379569003328,83.3401284317582,40.8379569003328
B833,23.181702358354777,9.636992320039056,24.181702358354777,10.636992320039056
B834,23.6308261411537,0.9761572549493743,24.6308261411537,1.9761572549493742
B835,41.272319371108225,70.31839239768095,42.272319371108225,71.31839239768095
B836,41.94591823850306,74.03498131438741,42.94591823850306,75.03498131438741
B837,18.63208727806285,85.84641050923264,19.63208727806285,86.84641050923264
B838,45.7874778458661,98.28790314209037,46.7874778458661,99.28790314209037
B839,5.957229673064958,96.23456248001389,6.957229673064958,97.23456248001389
B840,69.73000130633474,16.64248307177761,70.73000130633474,17.64248307177761
B841,71.54833286821668,8.983522333382517,72.54833286821668,9.983522333382517
B842,68.52082501158561,13.32960753052753,69.52082501158561,14.32960753052753
B843,70.19920134076415,70.05516623590428,71.19920134076415,71.05516623590428
B844,95.23168030867113,38.41842687524003,96.23168030867113,39.41842687524003
B845,12.517135482721475,87.05035689352333,13.517135482721475,88.05035689352333
B846,82.35915620783462,51.882978998921644,83.35915620783462,52.882978998921644
B847,55.48901294201107,66.60354865946205,56.48901294201107,67.60354865946205
B848,88.81095412866894,65.09970839386888,89.81095412866894,66.09970839386888
B849,94.23878569766147,51.032908860781085,95.23878569766147,52.032908860781085
B850,59.18688733934216,66.19617493529918,60.18688733934216,67.19617493529918
B851,14.203438104122219,48.00322125809703,15.203438104122219,49.00322125809703
B852,40.385578019102056,38.31754064669652,41.385578019102056,39.31754064669652
B853,22.03709856615645,80.11268491372134,23.03709856615645,81.11268491372134
B854,63.19782985209363,54.560204393270205,64.19782985209363,55.560204393270205
B855,34.66459851898594,54.432186643386906,35.66459851898594,55.432186643386906
B856,47.443806124358204,49.16763511801021,48.443806124358204,50.16763511801021
B857,96.57922117163065,28.053432428535817,97.57922117163065,29.053432428535817
B858,13.612242939919284,47.09149515826694,14.612242939919284,48.09149515826694
B859,82.39086463407925,23.890406957334367,83.39086463407925,24.890406957334367
B860,85.83483311690834,4.0442376107902245,86.83483311690834,5.0442376107902245
B861,5.051148059505595,30.17179154433458,6.051148059505595,31.17179154433458
B862,63.710511236941244,79.44661241992809,64.71051123694124,80.44661241992809
B863,48.937698201462126,53.78929491831098,49.937698201462126,54.78929491831098
B864,45.57135560478026,61.92609313347477,46.57135560478026,62.92609313347477
B865,14.56625747725548,88.74052703123985,15.56625747725548,89.74052703123985
B866,92.99880940432989,0.03581437794328568,93.99880940432989,1.0358143779432858
B867,44.90255266018,98.00545821794677,45.90255266018,99.00545821794677
B868,39.84162642906194,31.990249840610403,40.84162642906194,32.9902498406104
B869,30.870302003029792,11.064954953466657,31.870302003029792,12.064954953466657
B870,4.886033035808472,39.26300555818619,5.886033035808472,40.26300555818619
B871,81.61773558088346,29.00129998419609,82.61773558088346,30.00129998419609
B872,34.76868548197036,34.36818536487153,35.76868548197036,35.36818536487153
B873,40.67273415942063,46.342885671662955,41.67273415942063,47.342885671662955
B874,15.503327872383302,39.3272686740271,16.503327872383302,40.3272686740271
B875,33.13207942067986,92.19102825962042,34.13207942067986,93.19102825962042
B876,65.88373571275439,41.82064208914499,66.88373571275439,42.82064208914499
B877,78.82162744038413,59.25602359418253,79.82162744038413,60.25602359418253
B878,67.99755257163204,82.38637353541701,68.99755257163204,83.38637353541701
B879,20.929198748263413,31.568369484844162,21.929198748263413,32.56836948484416
B880,98.64113945216978,76.55676492548527,99.64113945216978,77.55676492548527
B881,8.587208222604664,45.26504482677578,9.587208222604664,46.26504482677578
B882,83.47524148383843,74.12516135301897,84.47524148383843,75.12516135301897
B883,27.244620131482872,10.290156683446208,28.244620131482872,11.290156683446208
B884,93.1882365895802,33.508012401651285,94.1882365895802,34.508012401651285
B885,10.042369089047158,61.222467364631086,11.042369089047158,62.222467364631086
B886,5.834604392663257,89.49994752327517,6.834604392663257,90.49994752327517
B887,70.85674922172788,33.6098279166813,71.85674922172788,34.6098279166813
B888,47.95537768437248,94.68938702813331,48.95537768437248,95.68938702813331
B889,19.23436806739179,20.23165914647837,20.23436806739179,21.23165914647837
B890,74.58667514720662,57.08962004365418,75.58667514720662,58.08962004365418
B891,65.64453865329318,57.7538913165755,66.64453865329318,58.7538913165755
B892,2.3940113560301195,54.4524121489319,3.3940113560301195,55.4524121489319
B893,58.495611232932816,69.57895721611246,59.495611232932816,70.57895721611246
B894,84.1839096265324,73.52418589314293,85.1839096265324,74.52418589314293
B895,98.7162412434485,61.24943747228991,99.7162412434485,62.24943747228991
B896,85.96760688122137,34.26334516713589,86.96760688122137,35.26334516713589
B897,59.36221065154315,84.82188160233595,60.36221065154315,85.82188160233595
B898,91.65550176948216,72.81204214351537,92.65550176948216,73.81204214351537
B899,96.04277971914738,21.98707237299912,97.04277971914738,22.98707237299912
B900,35.43690148132098,35.38964405633444,36.43690148132098,36.38964405633444
B901,35.02002273193217,76.03747533044614,36.02002273193217,77.03747533044614
B902,79.81587180544956,48.834192095088106,80.81587180544956,49.834192095088106
B903,72.71991749699775,51.12251280018466,73.71991749699775,52.12251280018466
B904,58.30677225515118,44.04668207297393,59.30677225515118,45.04668207297393
B905,47.21532746964384,43.13870337284691,48.21532746964384,44.13870337284691
B906,38.26961646658222,80.7159454529173,39.26961646658222,81.7159454529173
B907,10.924276500148544,75.3262023607242,11.924276500148544,76.3262023607242
B908,28.532008273731716,21.84405562711981,29.532008273731716,22.84405562711981
B909,5.945229916313364,5.3867009830222115,6.945229916313364,6.3867009830222115
B910,80.06457919967957,87.53992083698814,81.06457919967957,88.53992083698814
B911,63.002110777533666,33.041099768455226,64.00211077753366,34.041099768455226
B912,67.93964665738473,47.8205679775184,68.93964665738473,48.8205679775184
B913,39.92334552031222,50.98087742240497,40.92334552031222,51.98087742240497
B914,65.48217281138947,17.364474062597846,66.48217281138947,18.364474062597846
B915,86.10267184757555,11.225103741041842,87.10267184757555,12.225103741041842
B916,52.60829835221437,94.69686290193142,53.60829835221437,95.69686290193142
B917,16.651524530751107,18.880838126509893,17.651524530751107,19.880838126509893
B918,82.8450388817712,83.70868963960463,83.8450388817712,84.70868963960463
B919,13.786947059972835,44.80218434283578,14.786947059972835,45.80218434283578
B920,98.66899142319023,45.70474585472372,99.66899142319023,46.70474585472372
B921,73.46133308347063,50.329646770209045,74.46133308347063,51.329646770209045
B922,57.032881250263806,2.4500408745606426,58.032881250263806,3.4500408745606426
B923,50.46817804434283,33.89861272563768,51.46817804434283,34.89861272563768
B924,50.60874177081554,58.4131349239566,51.60874177081554,59.4131349239566
B925,72.512252726369,4.554917391509088,73.512252726369,5.554917391509088
B926,23.5200682613948,41.51437972289216,24.5200682613948,42.51437972289216
B927,46.5480323861813,46.64242547506237,47.5480323861813,47.64242547506237
B928,23.339928864658873,20.949573453318227,24.339928864658873,21.949573453318227
B929,6.464574015025681,1.026308568595339,7.464574015025681,2.026308568595339
B930,51.20152938387354,52.378322571638115,52.20152938387354,53.378322571638115
B931,48.17985152379452,87.7543835747325,49.17985152379452,88.7543835747325
B932,39.950730968374785,76.80939434316934,40.950730968374785,77.80939434316934
B933,10.66636388904031,20.809270344153614,11.66636388904031,21.809270344153614
B934,5.150045882147041,15.434747396236522,6.150045882147041,16.434747396236524
B935,90.50584550764852,8.289864694257565,91.50584550764852,9.289864694257565
B936,51.12574069690781,71.33118739577206,52.12574069690781,72.33118739577206
B937,77.19031065681926,64.01266592447162,78.19031065681926,65.01266592447162
B938,12.214503543043522,48.659860165371924,13.214503543043522,49.659860165371924
B939,6.775501717915709,4.014273068670193,7.775501717915709,5.014273068670193
B940,20.80932542235628,33.24977678270605,21.80932542235628,34.24977678270605
B941,51.33690090857901,89.55202764123881,52.33690090857901,90.55202764123881
B942,55.49708770561241,78.58985159043405,56.49708770561241,79.58985159043405
B943,51.30610735188765,85.07157069240091,52.30610735188765,86.07157069240091
B944,52.421893488607246,30.989542849236297,53.421893488607246,31.989542849236297
B945,33.38464868667063,91.55271806843709,34.38464868667063,92.55271806843709
B946,33.65637783295898,77.75424286057552,34.65637783295898,78.75424286057552
B947,65.61275104219726,32.147317367595434,66.61275104219726,33.147317367595434
B948,51.11896322639437,77.25792801831963,52.11896322639437,78.25792801831963
B949,7.586684617678655,62.2498666253425,8.586684617678655,63.2498666253425
B950,68.88844844310417,15.393586527792413,69.88844844310417,16.393586527792415
B951,78.43378045891018,73.80513205316839,79.43378045891018,74.80513205316839
B952,68.99621163792305,60.15799473547977,69.99621163792305,61.15799473547977
B953,97.74619350568989,12.556182297148672,98.74619350568989,13.556182297148672
B954,96.83052648157268,85.84433511327843,97.83052648157268,86.84433511327843
B955,30.53410298766424,55.28824026074474,31.53410298766424,56.28824026074474
B956,92.75993134912417,43.92256484289959,93.75993134912417,44.92256484289959
B957,35.90284602235983,74.18119672375028,36.90284602235983,75.18119672375028
B958,9.86103936372177,56.53129453728739,10.86103936372177,57.53129453728739
B959,53.68775046387312,5.334940737400318,54.68775046387312,6.334940737400318
B960,31.84515413590064,74.63323250278236,32.84515413590064,75.63323250278236
B961,27.35818825098332,40.01319537904154,28.35818825098332,41.01319537904154
B962,19.306115347588218,24.46457378140707,20.306115347588218,25.46457378140707
B963,33.708553602214884,13.840862485971845,34.708553602214884,14.840862485971845
B964,13.874872112559373,64.59180188198376,14.874872112559373,65.59180188198376
B965,77.23233488067619,7.052060304214406,78.23233488067619,8.052060304214406
B966,61.79430979596245,8.418307781533512,62.79430979596245,9.418307781533512
B967,75.57834497485052,54.49794592823193,76.57834497485052,55.49794592823193
B968,34.52864212297039,90.00967838598754,35.52864212297039,91.00967838598754
B969,64.23853045486447,11.099088805530219,65.23853045486447,12.099088805530219
B970,86.70577749285643,20.30830568404167,87.70577749285643,21.30830568404167
B971,23.20717338385048,21.420497758603187,24.20717338385048,22.420497758603187
B972,4.430731237396551,8.195592117599741,5.430731237396551,9.195592117599741
B973,0.32625358185976583,91.97132811165457,1.3262535818597658,92.97132811165457
B974,85.52710445586398,1.2554350741634397,86.52710445586398,2.2554350741634397
B975,19.815773215102322,33.71184848335627,20.815773215102322,34.71184848335627
B976,48.647191652716685,69.28436333802142,49.647191652716685,70.28436333802142
B977,58.009270240397655,68.00816728026899,59.009270240397655,69.00816728026899
B978,10.944455808847094,51.03625261148026,11.944455808847094,52.03625261148026
B979,21.062243245110594,25.825367778401,22.062243245110594,26.825367778401
B980,6.870380718094107,78.30629300193853,7.870380718094107,79.30629300193853
B981,59.006067862004265,17.22841387478667,60.006067862004265,18.22841387478667
B982,77.32991332110049,88.61879568402588,78.32991332110049,89.61879568402588
B983,23.382233034921292,17.57582261061409,24.382233034921292,18.57582261061409
B984,92.62312013356525,81.30769745155159,93.62312013356525,82.30769745155159
B985,79.11519247474668,7.595814414787951,80.11519247474668,8.595814414787952
B986,84.77722876835819,40.400550163462114,85.77722876835819,41.400550163462114
B987,46.117385280536475,49.288279807455744,47.117385280536475,50.288279807455744
B988,61.74560303689976,45.7707186723393,62.74560303689976,46.7707186723393
B989,57.37557256221786,91.77347678652691,58.37557256221786,92.77347678652691
B990,53.43011471490447,11.514745778265103,54.43011471490447,12.514745778265103
B991,83.54109226143841,83.35643239239221,84.54109226143841,84.35643239239221
B992,66.6744029695259,85.4689281126653,67.6744029695259,86.4689281126653
B993,12.131656488090062,24.467161702199043,13.131656488090062,25.467161702199043
B994,89.63689104257865,82.39302159315974,90.63689104257865,83.39302159315974
B995,4.492936660514763,42.816190216237715,5.492936660514763,43.816190216237715
B996,58.254312263669405,54.58682051622304,59.254312263669405,55.58682051622304
B997,78.49541741407965,95.09296887596082,79.49541741407965,96.09296887596082
B998,20.22354493236828,22.59099961466167,21.22354493236828,23.59099961466167
B999,44.35213131255394,73.69013882249594,45.35213131255394,74.69013882249594
B1000,51.980603682736906,55.05522662872627,52.980603682736906,56.05522662872627
